01 02 03 04
01 02 07 27
01 02 08 22
01 02 10 26
01 02 11 23
01 02 14 21
01 02 17 18
01 02 17 20
01 02 20 24
01 03 05 17
01 03 05 20
01 03 07 23
01 03 09 24
01 03 11 22
01 03 14 26
01 04 05 24
01 04 06 08
01 04 08 25
01 04 09 20
01 04 13 15
01 04 16 19
01 04 17 18
01 05 06 26
01 05 07 12
01 05 09 13
01 05 10 12
01 05 10 13
01 05 14 18
01 05 16 21
01 05 19 20
01 06 09 18
01 06 10 14
01 06 12 26
01 06 13 17
01 06 13 20
01 06 23 24
01 07 09 20
01 07 10 27
01 07 11 15
01 07 12 19
01 07 14 22
01 07 16 25
01 08 10 17
01 08 11 18
01 08 12 16
01 08 14 27
01 08 15 19
01 09 11 24
01 09 12 15
01 09 12 17
01 10 13 24
01 10 16 20
01 10 18 21
01 10 19 22
01 10 20 26
01 10 21 22
01 11 12 21
01 11 13 14
01 11 19 25
01 12 15 23
01 12 21 24
01 12 25 27
01 13 16 18
01 13 21 26
01 14 23 25
01 15 20 27
01 15 21 24
01 15 24 25
01 16 17 26
01 16 18 19
01 16 22 27
01 16 23 26
01 17 21 25
01 18 22 26
01 19 23 27
01 20 22 25
01 20 24 27
02 03 04 07
02 03 05 10
02 03 08 20
02 03 11 17
02 03 14 24
02 03 16 23
02 03 21 22
02 04 05 17
02 04 10 20
02 04 11 16
02 04 14 22
02 04 23 24
02 05 06 18
02 05 07 25
02 05 09 24
02 05 10 15
02 05 11 27
02 05 20 22
02 06 09 16
02 06 10 23
02 06 12 23
02 06 13 26
02 06 14 19
02 06 15 25
02 06 18 22
02 07 10 22
02 07 11 21
02 07 12 13
02 07 16 17
02 07 18 20
02 08 10 25
02 08 11 14
02 08 12 27
02 08 14 16
02 08 21 24
02 08 23 26
02 09 13 18
02 09 15 19
02 09 21 27
02 09 22 23
02 09 25 26
02 10 14 27
02 12 16 26
02 12 18 19
02 12 21 25
02 13 15 17
02 13 16 19
02 13 21 25
02 14 20 25
02 15 16 27
02 15 18 26
02 17 22 27
02 17 25 27
02 18 23 25
02 19 21 26
02 19 26 27
02 22 24 25
03 04 05 18
03 04 07 19
03 04 09 26
03 04 12 13
03 04 15 24
03 04 16 17
03 04 16 20
03 04 21 26
03 04 23 27
03 05 06 25
03 05 08 21
03 05 11 16
03 05 15 22
03 05 24 26
03 06 08 19
03 06 09 21
03 06 10 21
03 06 12 15
03 06 13 27
03 06 15 20
03 06 16 26
03 06 19 24
03 07 09 14
03 07 11 25
03 07 12 22
03 07 17 24
03 07 26 27
03 08 09 23
03 08 10 13
03 08 11 27
03 08 15 16
03 09 12 18
03 09 12 19
03 09 16 21
03 09 17 27
03 10 11 19
03 10 12 24
03 10 15 18
03 10 18 25
03 10 20 22
03 11 13 15
03 11 23 24
03 12 14 17
03 12 14 23
03 12 15 26
03 13 18 22
03 13 19 21
03 13 20 25
03 14 16 27
03 14 18 26
03 15 21 25
03 17 23 26
03 18 21 27
03 19 22 25
04 05 07 22
04 05 07 23
04 05 08 25
04 05 10 14
04 05 12 14
04 05 18 19
04 06 07 27
04 06 11 13
04 06 12 21
04 06 14 20
04 06 15 22
04 06 22 23
04 07 08 22
04 07 10 16
04 07 12 24
04 07 15 21
04 07 17 26
04 08 09 15
04 08 13 14
04 08 18 22
04 08 19 23
04 08 21 27
04 08 24 26
04 09 10 17
04 09 11 27
04 09 12 22
04 09 21 24
04 10 11 26
04 10 13 23
04 10 22 25
04 11 12 18
04 11 13 20
04 11 14 17
04 12 15 20
04 12 17 27
04 13 25 27
04 14 16 25
04 14 18 22
04 15 16 21
04 15 19 27
04 15 23 26
04 17 19 25
04 18 21 23
04 18 26 27
04 20 21 22
04 20 24 25
05 06 07 08
05 06 09 22
05 06 11 15
05 06 13 16
05 06 17 24
05 06 21 25
05 07 09 18
05 07 10 20
05 07 13 21
05 07 21 24
05 08 09 17
05 08 11 17
05 08 13 23
05 08 15 19
05 08 20 24
05 09 14 16
05 09 14 19
05 09 19 25
05 09 21 23
05 10 16 27
05 10 17 21
05 10 22 25
05 11 13 21
05 11 14 20
05 12 17 25
05 12 18 22
05 12 19 27
05 13 14 26
05 13 15 27
05 14 15 23
05 14 22 23
05 15 16 20
05 16 19 26
05 17 18 25
05 17 19 23
05 18 21 26
05 18 22 27
05 20 26 27
05 23 24 25
06 07 09 24
06 07 16 18
06 07 17 25
06 07 20 21
06 08 10 24
06 08 17 18
06 08 25 26
06 09 10 25
06 09 13 19
06 09 14 15
06 10 17 19
06 10 18 27
06 11 12 20
06 11 14 16
06 11 18 23
06 11 21 22
06 11 24 27
06 12 14 22
06 12 16 22
06 13 14 23
06 13 15 21
06 13 19 22
06 14 19 26
06 14 21 27
06 15 16 19
06 16 20 26
06 16 23 24
06 17 19 21
06 17 22 26
06 18 24 25
06 20 23 27
06 22 24 27
07 08 09 21
07 08 13 20
07 08 15 26
07 08 16 19
07 08 18 24
07 09 13 16
07 09 19 26
07 09 25 27
07 10 11 13
07 10 12 25
07 10 12 26
07 10 15 23
07 11 12 23
07 11 19 22
07 11 24 26
07 12 14 15
07 12 15 18
07 12 20 27
07 13 18 25
07 13 19 24
07 14 17 27
07 14 23 26
07 15 17 22
07 15 20 24
07 16 21 23
07 18 19 23
07 19 23 25
07 20 22 24
07 21 22 25
08 09 11 26
08 09 12 24
08 09 16 27
08 09 20 22
08 10 12 26
08 10 14 18
08 10 15 20
08 10 15 21
08 11 13 16
08 12 13 25
08 12 14 18
08 12 17 19
08 13 15 26
08 14 22 26
08 14 24 25
08 15 23 27
08 16 18 21
08 16 22 24
08 17 20 25
08 17 22 23
08 18 19 27
08 20 21 23
09 10 11 12
09 10 14 22
09 10 15 22
09 10 19 24
09 10 23 26
09 11 16 23
09 11 17 18
09 11 17 20
09 12 14 20
09 12 26 27
09 13 18 24
09 13 20 21
09 13 23 25
09 14 17 23
09 15 18 25
09 15 24 26
09 16 17 22
09 16 18 20
09 19 21 22
10 11 18 24
10 11 20 23
10 11 22 27
10 12 13 19
10 12 17 18
10 12 23 27
10 13 17 21
10 13 20 27
10 14 16 24
10 14 17 25
10 14 19 21
10 15 17 19
10 15 25 26
10 16 18 23
10 16 21 25
10 17 24 27
11 12 15 16
11 12 22 26
11 12 24 26
11 13 14 19
11 13 17 27
11 13 22 24
11 14 15 24
11 14 18 27
11 14 21 25
11 15 20 21
11 15 22 25
11 16 17 27
11 16 18 20
11 17 22 24
11 19 20 26
11 19 21 24
11 21 26 27
11 23 25 26
12 13 16 24
12 13 18 20
12 13 21 22
12 15 17 24
12 15 21 22
12 16 21 27
12 16 23 25
12 17 20 21
12 19 20 23
12 19 25 26
12 21 23 26
13 14 15 16
13 14 17 22
13 14 24 27
13 15 19 23
13 16 22 26
13 17 20 23
13 17 24 26
13 18 19 26
13 22 23 27
14 15 17 20
14 15 18 19
14 16 19 20
14 16 20 21
14 17 18 21
14 17 19 24
14 17 21 26
14 22 25 27
15 16 18 24
15 17 21 23
15 17 26 27
15 20 22 23
16 17 24 25
16 18 19 22
16 24 25 27
17 18 19 20
18 20 23 24
18 20 25 26
18 23 24 27
19 20 25 27
19 21 25 27
19 22 24 26
20 21 24 26
21 22 23 24
