01 02 03 11
01 02 03 12
01 02 03 13
01 02 03 14
01 02 03 15
01 02 04 11
01 02 04 12
01 02 04 14
01 02 05 10
01 02 05 11
01 02 05 12
01 02 05 14
01 02 06 07
01 02 06 14
01 03 04 06
01 03 07 13
01 03 08 13
01 04 05 07
01 04 05 09
01 04 06 15
01 05 08 15
01 07 10 15
01 08 09 10
01 09 11 15
01 12 13 15
02 03 04 08
02 03 06 09
02 04 05 15
02 04 07 09
02 06 07 15
02 07 08 13
02 08 09 15
02 10 11 15
02 12 14 15
03 04 05 11
03 04 05 12
03 04 05 14
03 04 07 15
03 05 06 14
03 05 06 15
03 05 07 08
03 07 09 10
04 05 06 10
04 05 06 13
04 05 06 14
04 09 10 13
04 11 12 13
05 06 08 09
05 07 09 15
05 09 11 13
05 10 12 13
06 07 08 10
06 07 08 11
06 07 08 12
06 07 09 12
06 08 09 11
06 08 10 11
06 09 12 13
06 10 11 12
06 10 11 13
07 08 09 14
07 09 10 11
07 10 11 12
07 10 11 14
07 12 13 14
08 09 10 12
08 09 11 12
08 10 12 14
08 10 13 15
08 10 14 15
08 11 12 15
08 11 13 14
09 10 12 15
09 10 13 14
09 11 12 14
09 13 14 15
11 13 14 15
