01 02 03 04 05
01 02 03 06 08
01 02 03 09 10
01 02 03 11 12
01 02 03 11 13
01 02 03 11 14
01 02 03 11 15
01 02 03 12 13
01 02 03 12 14
01 02 03 12 15
01 02 03 13 14
01 02 03 13 15
01 02 03 14 15
01 02 04 06 10
01 02 04 08 09
01 02 04 11 12
01 02 04 11 13
01 02 04 11 14
01 02 04 11 15
01 02 04 12 13
01 02 04 12 14
01 02 04 12 15
01 02 04 14 15
01 02 05 06 09
01 02 05 08 10
01 02 05 10 11
01 02 05 10 12
01 02 05 10 13
01 02 05 10 14
01 02 05 10 15
01 02 05 11 12
01 02 05 11 13
01 02 05 11 14
01 02 05 11 15
01 02 05 12 13
01 02 05 12 14
01 02 05 12 15
01 02 05 14 15
01 02 06 07 11
01 02 06 07 12
01 02 06 07 13
01 02 06 07 14
01 02 06 07 15
01 02 06 14 15
01 03 04 06 08
01 03 04 06 11
01 03 04 06 12
01 03 04 06 13
01 03 04 06 14
01 03 04 06 15
01 03 07 13 14
01 03 07 13 15
01 03 08 13 14
01 03 08 13 15
01 04 05 07 11
01 04 05 07 12
01 04 05 07 13
01 04 05 07 14
01 04 05 07 15
01 04 05 09 11
01 04 05 09 12
01 04 05 09 13
01 04 05 09 14
01 04 05 09 15
01 08 09 10 11
01 08 09 10 12
01 08 09 10 13
01 08 09 10 14
01 08 09 10 15
02 03 04 08 11
02 03 04 08 12
02 03 04 08 13
02 03 04 08 14
02 03 04 08 15
02 03 06 09 11
02 03 06 09 12
02 03 06 09 13
02 03 06 09 14
02 03 06 09 15
02 04 07 09 11
02 04 07 09 12
02 04 07 09 13
02 04 07 09 14
02 04 07 09 15
02 07 08 13 14
02 07 08 13 15
03 04 05 11 12
03 04 05 11 13
03 04 05 11 14
03 04 05 11 15
03 04 05 12 13
03 04 05 12 14
03 04 05 12 15
03 04 05 14 15
03 04 06 07 09
03 04 07 08 10
03 05 06 07 10
03 05 06 14 15
03 05 07 08 09
03 05 07 08 11
03 05 07 08 12
03 05 07 08 13
03 05 07 08 14
03 05 07 08 15
03 07 09 10 11
03 07 09 10 12
03 07 09 10 13
03 07 09 10 14
03 07 09 10 15
04 05 06 07 08
04 05 06 10 11
04 05 06 10 12
04 05 06 10 13
04 05 06 10 14
04 05 06 10 15
04 05 06 13 14
04 05 06 13 15
04 05 06 14 15
04 05 07 09 10
04 09 10 13 14
04 09 10 13 15
04 11 12 13 14
04 11 12 13 15
05 06 08 09 11
05 06 08 09 12
05 06 08 09 13
05 06 08 09 14
05 06 08 09 15
05 09 11 13 14
05 09 11 13 15
05 10 12 13 14
05 10 12 13 15
06 07 08 09 10
06 07 08 10 11
06 07 08 10 12
06 07 08 10 13
06 07 08 10 14
06 07 08 10 15
06 07 08 11 12
06 07 08 11 13
06 07 08 11 14
06 07 08 11 15
06 07 08 12 13
06 07 08 12 14
06 07 08 12 15
06 07 09 12 13
06 07 09 12 14
06 07 09 12 15
06 08 09 11 12
06 08 09 11 13
06 08 09 11 14
06 08 09 11 15
06 08 10 11 12
06 08 10 11 13
06 08 10 11 14
06 08 10 11 15
06 09 12 13 14
06 09 12 13 15
06 10 11 12 13
06 10 11 12 14
06 10 11 12 15
06 10 11 13 14
06 10 11 13 15
07 08 09 14 15
07 09 10 11 12
07 09 10 11 13
07 09 10 11 14
07 09 10 11 15
07 10 11 12 13
07 10 11 12 14
07 10 11 12 15
07 10 11 14 15
07 12 13 14 15
08 09 10 12 13
08 09 10 12 14
08 09 10 12 15
08 09 11 12 13
08 09 11 12 14
08 09 11 12 15
08 10 12 14 15
08 11 13 14 15
09 10 13 14 15
09 11 12 14 15
