01 02 03 04 05
01 02 03 04 06
01 02 03 04 10
01 02 03 04 11
01 02 03 04 12
01 02 03 04 13
01 02 03 04 14
01 02 03 04 15
01 02 03 04 16
01 02 03 04 17
01 02 03 04 18
01 02 03 04 19
01 02 03 04 20
01 02 03 05 06
01 02 03 05 10
01 02 03 06 10
01 02 03 11 12
01 02 03 11 13
01 02 03 11 14
01 02 03 11 15
01 02 03 11 16
01 02 03 11 17
01 02 03 11 18
01 02 03 11 19
01 02 03 11 20
01 02 03 12 13
01 02 03 12 14
01 02 03 12 15
01 02 03 12 16
01 02 03 12 17
01 02 03 12 18
01 02 03 12 19
01 02 03 12 20
01 02 03 13 14
01 02 03 13 15
01 02 03 13 16
01 02 03 13 17
01 02 03 13 18
01 02 03 13 19
01 02 03 13 20
01 02 03 14 15
01 02 03 14 16
01 02 03 14 17
01 02 03 14 18
01 02 03 14 19
01 02 03 14 20
01 02 03 15 16
01 02 03 15 17
01 02 03 15 18
01 02 03 15 19
01 02 03 15 20
01 02 03 16 17
01 02 03 16 18
01 02 03 16 19
01 02 03 16 20
01 02 03 17 18
01 02 03 17 19
01 02 03 17 20
01 02 03 18 19
01 02 03 18 20
01 02 03 19 20
01 02 04 11 12
01 02 04 11 13
01 02 04 11 14
01 02 04 11 15
01 02 04 11 16
01 02 04 11 17
01 02 04 11 18
01 02 04 11 19
01 02 04 11 20
01 02 04 12 13
01 02 04 12 14
01 02 04 12 15
01 02 04 12 16
01 02 04 12 17
01 02 04 12 18
01 02 04 12 19
01 02 04 12 20
01 02 05 07 11
01 02 05 07 12
01 02 05 07 13
01 02 05 07 14
01 02 05 07 15
01 02 05 07 16
01 02 05 07 17
01 02 05 07 18
01 02 05 07 19
01 02 05 07 20
01 02 05 08 11
01 02 05 08 12
01 02 05 08 13
01 02 05 08 14
01 02 05 08 15
01 02 05 08 16
01 02 05 08 17
01 02 05 08 18
01 02 05 08 19
01 02 05 08 20
01 02 05 09 11
01 02 05 09 12
01 02 05 09 13
01 02 05 09 14
01 02 05 09 15
01 02 05 09 16
01 02 05 09 17
01 02 05 09 18
01 02 05 09 19
01 02 05 09 20
01 02 05 10 11
01 02 05 10 12
01 02 05 10 13
01 02 05 10 14
01 02 05 10 15
01 02 05 10 16
01 02 05 10 17
01 02 05 10 18
01 02 05 10 19
01 02 05 10 20
01 02 05 11 12
01 02 05 11 13
01 02 05 11 14
01 02 05 11 15
01 02 05 11 16
01 02 05 11 17
01 02 05 11 18
01 02 05 11 19
01 02 05 11 20
01 02 05 12 13
01 02 05 12 14
01 02 05 12 15
01 02 05 12 16
01 02 05 12 17
01 02 05 12 18
01 02 05 12 19
01 02 05 12 20
01 02 06 07 11
01 02 06 07 12
01 02 06 07 13
01 02 06 07 14
01 02 06 07 15
01 02 06 07 16
01 02 06 07 17
01 02 06 07 18
01 02 06 07 19
01 02 06 07 20
01 02 07 08 09
01 02 13 14 15
01 02 13 14 16
01 02 13 14 17
01 02 13 14 18
01 02 13 14 19
01 02 13 14 20
01 02 13 15 16
01 02 13 15 17
01 02 13 15 18
01 02 13 15 19
01 02 13 15 20
01 02 13 16 17
01 02 13 16 18
01 02 13 16 19
01 02 13 16 20
01 02 13 17 18
01 02 13 17 19
01 02 13 17 20
01 02 13 18 19
01 02 13 18 20
01 02 13 19 20
01 02 14 15 16
01 02 14 15 17
01 02 14 15 18
01 02 14 15 19
01 02 14 15 20
01 02 14 16 17
01 02 14 16 18
01 02 14 16 19
01 02 14 16 20
01 02 14 17 18
01 02 14 17 19
01 02 14 17 20
01 02 14 18 19
01 02 14 18 20
01 02 14 19 20
01 02 15 16 17
01 02 15 16 18
01 02 15 16 19
01 02 15 16 20
01 02 15 17 18
01 02 15 17 19
01 02 15 17 20
01 02 15 18 19
01 02 15 18 20
01 02 15 19 20
01 02 16 17 18
01 02 16 17 19
01 02 16 17 20
01 02 16 18 19
01 02 16 18 20
01 02 16 19 20
01 02 17 18 19
01 02 17 18 20
01 02 17 19 20
01 02 18 19 20
01 03 06 10 11
01 03 06 10 12
01 03 06 10 13
01 03 06 10 14
01 03 06 10 15
01 03 06 10 16
01 03 06 10 17
01 03 06 10 18
01 03 06 10 19
01 03 06 10 20
01 03 07 08 09
01 03 07 13 14
01 03 07 13 15
01 03 07 13 16
01 03 07 13 17
01 03 07 13 18
01 03 07 13 19
01 03 07 13 20
01 03 07 14 15
01 03 07 14 16
01 03 07 14 17
01 03 07 14 18
01 03 07 14 19
01 03 07 14 20
01 03 07 15 16
01 03 07 15 17
01 03 07 15 18
01 03 07 15 19
01 03 07 15 20
01 03 07 16 17
01 03 07 16 18
01 03 07 16 19
01 03 07 16 20
01 03 07 17 18
01 03 07 17 19
01 03 07 17 20
01 03 07 18 19
01 03 07 18 20
01 03 07 19 20
01 03 08 13 14
01 03 08 13 15
01 03 08 13 16
01 03 08 13 17
01 03 08 13 18
01 03 08 13 19
01 03 08 13 20
01 03 08 14 15
01 03 08 14 16
01 03 08 14 17
01 03 08 14 18
01 03 08 14 19
01 03 08 14 20
01 03 08 15 16
01 03 08 15 17
01 03 08 15 18
01 03 08 15 19
01 03 08 15 20
01 03 08 16 17
01 03 08 16 18
01 03 08 16 19
01 03 08 16 20
01 03 08 17 18
01 03 08 17 19
01 03 08 17 20
01 03 08 18 19
01 03 08 18 20
01 03 08 19 20
01 07 08 09 10
01 13 14 15 16
01 13 14 15 17
01 13 14 15 18
01 13 14 15 19
01 13 14 15 20
01 13 14 16 17
01 13 14 16 18
01 13 14 16 19
01 13 14 16 20
01 13 14 17 18
01 13 14 17 19
01 13 14 17 20
01 13 14 18 19
01 13 14 18 20
01 13 14 19 20
01 15 16 17 18
01 15 16 17 19
01 15 16 17 20
01 15 16 18 19
01 15 16 18 20
01 15 16 19 20
01 17 18 19 20
02 03 06 10 11
02 03 06 10 12
02 03 06 10 13
02 03 06 10 14
02 03 06 10 15
02 03 06 10 16
02 03 06 10 17
02 03 06 10 18
02 03 06 10 19
02 03 06 10 20
02 03 07 08 09
02 07 08 09 10
02 07 08 13 14
02 07 08 13 15
02 07 08 13 16
02 07 08 13 17
02 07 08 13 18
02 07 08 13 19
02 07 08 13 20
02 07 08 14 15
02 07 08 14 16
02 07 08 14 17
02 07 08 14 18
02 07 08 14 19
02 07 08 14 20
02 07 08 15 16
02 07 08 15 17
02 07 08 15 18
02 07 08 15 19
02 07 08 15 20
02 07 08 16 17
02 07 08 16 18
02 07 08 16 19
02 07 08 16 20
02 07 08 17 18
02 07 08 17 19
02 07 08 17 20
02 07 08 18 19
02 07 08 18 20
02 07 08 19 20
03 04 05 06 11
03 04 05 06 12
03 04 05 06 13
03 04 05 06 14
03 04 05 06 15
03 04 05 06 16
03 04 05 06 17
03 04 05 06 18
03 04 05 06 19
03 04 05 06 20
03 04 05 11 12
03 04 05 11 13
03 04 05 11 14
03 04 05 11 15
03 04 05 11 16
03 04 05 11 17
03 04 05 11 18
03 04 05 11 19
03 04 05 11 20
03 04 05 12 13
03 04 05 12 14
03 04 05 12 15
03 04 05 12 16
03 04 05 12 17
03 04 05 12 18
03 04 05 12 19
03 04 05 12 20
03 04 13 14 15
03 04 13 14 16
03 04 13 14 17
03 04 13 14 18
03 04 13 14 19
03 04 13 14 20
03 04 13 15 16
03 04 13 15 17
03 04 13 15 18
03 04 13 15 19
03 04 13 15 20
03 04 13 16 17
03 04 13 16 18
03 04 13 16 19
03 04 13 16 20
03 04 13 17 18
03 04 13 17 19
03 04 13 17 20
03 04 13 18 19
03 04 13 18 20
03 04 13 19 20
03 04 14 15 16
03 04 14 15 17
03 04 14 15 18
03 04 14 15 19
03 04 14 15 20
03 04 14 16 17
03 04 14 16 18
03 04 14 16 19
03 04 14 16 20
03 04 14 17 18
03 04 14 17 19
03 04 14 17 20
03 04 14 18 19
03 04 14 18 20
03 04 14 19 20
03 04 15 16 17
03 04 15 16 18
03 04 15 16 19
03 04 15 16 20
03 04 15 17 18
03 04 15 17 19
03 04 15 17 20
03 04 15 18 19
03 04 15 18 20
03 04 15 19 20
03 04 16 17 18
03 04 16 17 19
03 04 16 17 20
03 04 16 18 19
03 04 16 18 20
03 04 16 19 20
03 04 17 18 19
03 04 17 18 20
03 04 17 19 20
03 04 18 19 20
03 05 06 07 11
03 05 06 07 12
03 05 06 07 13
03 05 06 07 14
03 05 06 07 15
03 05 06 07 16
03 05 06 07 17
03 05 06 07 18
03 05 06 07 19
03 05 06 07 20
03 07 08 09 10
03 07 08 09 11
03 07 08 09 12
03 07 08 09 13
03 07 08 09 14
03 07 08 09 15
03 07 08 09 16
03 07 08 09 17
03 07 08 09 18
03 07 08 09 19
03 07 08 09 20
04 05 06 07 08
04 05 06 07 09
04 05 06 07 10
04 05 06 08 09
04 05 06 08 10
04 05 06 09 10
04 05 06 13 14
04 05 06 13 15
04 05 06 13 16
04 05 06 13 17
04 05 06 13 18
04 05 06 13 19
04 05 06 13 20
04 05 06 14 15
04 05 06 14 16
04 05 06 14 17
04 05 06 14 18
04 05 06 14 19
04 05 06 14 20
04 05 06 15 16
04 05 06 15 17
04 05 06 15 18
04 05 06 15 19
04 05 06 15 20
04 05 06 16 17
04 05 06 16 18
04 05 06 16 19
04 05 06 16 20
04 05 06 17 18
04 05 06 17 19
04 05 06 17 20
04 05 06 18 19
04 05 06 18 20
04 05 06 19 20
04 06 08 09 11
04 06 08 09 12
04 06 08 09 13
04 06 08 09 14
04 06 08 09 15
04 06 08 09 16
04 06 08 09 17
04 06 08 09 18
04 06 08 09 19
04 06 08 09 20
04 07 08 10 11
04 07 08 10 12
04 07 08 10 13
04 07 08 10 14
04 07 08 10 15
04 07 08 10 16
04 07 08 10 17
04 07 08 10 18
04 07 08 10 19
04 07 08 10 20
04 07 09 10 11
04 07 09 10 12
04 07 09 10 13
04 07 09 10 14
04 07 09 10 15
04 07 09 10 16
04 07 09 10 17
04 07 09 10 18
04 07 09 10 19
04 07 09 10 20
04 09 10 13 14
04 09 10 13 15
04 09 10 13 16
04 09 10 13 17
04 09 10 13 18
04 09 10 13 19
04 09 10 13 20
04 09 10 14 15
04 09 10 14 16
04 09 10 14 17
04 09 10 14 18
04 09 10 14 19
04 09 10 14 20
04 09 10 15 16
04 09 10 15 17
04 09 10 15 18
04 09 10 15 19
04 09 10 15 20
04 09 10 16 17
04 09 10 16 18
04 09 10 16 19
04 09 10 16 20
04 09 10 17 18
04 09 10 17 19
04 09 10 17 20
04 09 10 18 19
04 09 10 18 20
04 09 10 19 20
04 11 12 13 14
04 11 12 13 15
04 11 12 13 16
04 11 12 13 17
04 11 12 13 18
04 11 12 13 19
04 11 12 13 20
04 11 12 14 15
04 11 12 14 16
04 11 12 14 17
04 11 12 14 18
04 11 12 14 19
04 11 12 14 20
04 11 12 15 16
04 11 12 15 17
04 11 12 15 18
04 11 12 15 19
04 11 12 15 20
04 11 12 16 17
04 11 12 16 18
04 11 12 16 19
04 11 12 16 20
04 11 12 17 18
04 11 12 17 19
04 11 12 17 20
04 11 12 18 19
04 11 12 18 20
04 11 12 19 20
05 06 13 14 15
05 06 13 14 16
05 06 13 14 17
05 06 13 14 18
05 06 13 14 19
05 06 13 14 20
05 06 13 15 16
05 06 13 15 17
05 06 13 15 18
05 06 13 15 19
05 06 13 15 20
05 06 13 16 17
05 06 13 16 18
05 06 13 16 19
05 06 13 16 20
05 06 13 17 18
05 06 13 17 19
05 06 13 17 20
05 06 13 18 19
05 06 13 18 20
05 06 13 19 20
05 06 14 15 16
05 06 14 15 17
05 06 14 15 18
05 06 14 15 19
05 06 14 15 20
05 06 14 16 17
05 06 14 16 18
05 06 14 16 19
05 06 14 16 20
05 06 14 17 18
05 06 14 17 19
05 06 14 17 20
05 06 14 18 19
05 06 14 18 20
05 06 14 19 20
05 06 15 16 17
05 06 15 16 18
05 06 15 16 19
05 06 15 16 20
05 06 15 17 18
05 06 15 17 19
05 06 15 17 20
05 06 15 18 19
05 06 15 18 20
05 06 15 19 20
05 06 16 17 18
05 06 16 17 19
05 06 16 17 20
05 06 16 18 19
05 06 16 18 20
05 06 16 19 20
05 06 17 18 19
05 06 17 18 20
05 06 17 19 20
05 06 18 19 20
05 08 09 10 11
05 08 09 10 12
05 08 09 10 13
05 08 09 10 14
05 08 09 10 15
05 08 09 10 16
05 08 09 10 17
05 08 09 10 18
05 08 09 10 19
05 08 09 10 20
05 09 11 13 14
05 09 11 13 15
05 09 11 13 16
05 09 11 13 17
05 09 11 13 18
05 09 11 13 19
05 09 11 13 20
05 09 11 14 15
05 09 11 14 16
05 09 11 14 17
05 09 11 14 18
05 09 11 14 19
05 09 11 14 20
05 09 11 15 16
05 09 11 15 17
05 09 11 15 18
05 09 11 15 19
05 09 11 15 20
05 09 11 16 17
05 09 11 16 18
05 09 11 16 19
05 09 11 16 20
05 09 11 17 18
05 09 11 17 19
05 09 11 17 20
05 09 11 18 19
05 09 11 18 20
05 09 11 19 20
05 10 12 13 14
05 10 12 13 15
05 10 12 13 16
05 10 12 13 17
05 10 12 13 18
05 10 12 13 19
05 10 12 13 20
05 10 12 14 15
05 10 12 14 16
05 10 12 14 17
05 10 12 14 18
05 10 12 14 19
05 10 12 14 20
05 10 12 15 16
05 10 12 15 17
05 10 12 15 18
05 10 12 15 19
05 10 12 15 20
05 10 12 16 17
05 10 12 16 18
05 10 12 16 19
05 10 12 16 20
05 10 12 17 18
05 10 12 17 19
05 10 12 17 20
05 10 12 18 19
05 10 12 18 20
05 10 12 19 20
06 07 08 11 12
06 07 08 11 13
06 07 08 11 14
06 07 08 11 15
06 07 08 11 16
06 07 08 11 17
06 07 08 11 18
06 07 08 11 19
06 07 08 11 20
06 07 08 12 13
06 07 08 12 14
06 07 08 12 15
06 07 08 12 16
06 07 08 12 17
06 07 08 12 18
06 07 08 12 19
06 07 08 12 20
06 07 09 12 13
06 07 09 12 14
06 07 09 12 15
06 07 09 12 16
06 07 09 12 17
06 07 09 12 18
06 07 09 12 19
06 07 09 12 20
06 08 09 11 12
06 08 09 11 13
06 08 09 11 14
06 08 09 11 15
06 08 09 11 16
06 08 09 11 17
06 08 09 11 18
06 08 09 11 19
06 08 09 11 20
06 08 10 11 12
06 08 10 11 13
06 08 10 11 14
06 08 10 11 15
06 08 10 11 16
06 08 10 11 17
06 08 10 11 18
06 08 10 11 19
06 08 10 11 20
06 09 12 13 14
06 09 12 13 15
06 09 12 13 16
06 09 12 13 17
06 09 12 13 18
06 09 12 13 19
06 09 12 13 20
06 09 12 14 15
06 09 12 14 16
06 09 12 14 17
06 09 12 14 18
06 09 12 14 19
06 09 12 14 20
06 09 12 15 16
06 09 12 15 17
06 09 12 15 18
06 09 12 15 19
06 09 12 15 20
06 09 12 16 17
06 09 12 16 18
06 09 12 16 19
06 09 12 16 20
06 09 12 17 18
06 09 12 17 19
06 09 12 17 20
06 09 12 18 19
06 09 12 18 20
06 09 12 19 20
06 10 11 12 13
06 10 11 12 14
06 10 11 12 15
06 10 11 12 16
06 10 11 12 17
06 10 11 12 18
06 10 11 12 19
06 10 11 12 20
06 10 11 13 14
06 10 11 13 15
06 10 11 13 16
06 10 11 13 17
06 10 11 13 18
06 10 11 13 19
06 10 11 13 20
06 10 11 14 15
06 10 11 14 16
06 10 11 14 17
06 10 11 14 18
06 10 11 14 19
06 10 11 14 20
06 10 11 15 16
06 10 11 15 17
06 10 11 15 18
06 10 11 15 19
06 10 11 15 20
06 10 11 16 17
06 10 11 16 18
06 10 11 16 19
06 10 11 16 20
06 10 11 17 18
06 10 11 17 19
06 10 11 17 20
06 10 11 18 19
06 10 11 18 20
06 10 11 19 20
07 08 13 14 15
07 08 13 14 16
07 08 13 14 17
07 08 13 14 18
07 08 13 14 19
07 08 13 14 20
07 08 13 15 16
07 08 13 15 17
07 08 13 15 18
07 08 13 15 19
07 08 13 15 20
07 08 13 16 17
07 08 13 16 18
07 08 13 16 19
07 08 13 16 20
07 08 13 17 18
07 08 13 17 19
07 08 13 17 20
07 08 13 18 19
07 08 13 18 20
07 08 13 19 20
07 08 14 15 16
07 08 14 15 17
07 08 14 15 18
07 08 14 15 19
07 08 14 15 20
07 08 14 16 17
07 08 14 16 18
07 08 14 16 19
07 08 14 16 20
07 08 14 17 18
07 08 14 17 19
07 08 14 17 20
07 08 14 18 19
07 08 14 18 20
07 08 14 19 20
07 08 15 16 17
07 08 15 16 18
07 08 15 16 19
07 08 15 16 20
07 08 15 17 18
07 08 15 17 19
07 08 15 17 20
07 08 15 18 19
07 08 15 18 20
07 08 15 19 20
07 08 16 17 18
07 08 16 17 19
07 08 16 17 20
07 08 16 18 19
07 08 16 18 20
07 08 16 19 20
07 08 17 18 19
07 08 17 18 20
07 08 17 19 20
07 08 18 19 20
07 09 10 11 12
07 09 10 11 13
07 09 10 11 14
07 09 10 11 15
07 09 10 11 16
07 09 10 11 17
07 09 10 11 18
07 09 10 11 19
07 09 10 11 20
07 10 11 12 13
07 10 11 12 14
07 10 11 12 15
07 10 11 12 16
07 10 11 12 17
07 10 11 12 18
07 10 11 12 19
07 10 11 12 20
08 09 10 12 13
08 09 10 12 14
08 09 10 12 15
08 09 10 12 16
08 09 10 12 17
08 09 10 12 18
08 09 10 12 19
08 09 10 12 20
08 09 11 12 13
08 09 11 12 14
08 09 11 12 15
08 09 11 12 16
08 09 11 12 17
08 09 11 12 18
08 09 11 12 19
08 09 11 12 20
09 10 13 14 15
09 10 13 14 16
09 10 13 14 17
09 10 13 14 18
09 10 13 14 19
09 10 13 14 20
09 10 13 15 16
09 10 13 15 17
09 10 13 15 18
09 10 13 15 19
09 10 13 15 20
09 10 13 16 17
09 10 13 16 18
09 10 13 16 19
09 10 13 16 20
09 10 13 17 18
09 10 13 17 19
09 10 13 17 20
09 10 13 18 19
09 10 13 18 20
09 10 13 19 20
09 10 14 15 16
09 10 14 15 17
09 10 14 15 18
09 10 14 15 19
09 10 14 15 20
09 10 14 16 17
09 10 14 16 18
09 10 14 16 19
09 10 14 16 20
09 10 14 17 18
09 10 14 17 19
09 10 14 17 20
09 10 14 18 19
09 10 14 18 20
09 10 14 19 20
09 10 15 16 17
09 10 15 16 18
09 10 15 16 19
09 10 15 16 20
09 10 15 17 18
09 10 15 17 19
09 10 15 17 20
09 10 15 18 19
09 10 15 18 20
09 10 15 19 20
09 10 16 17 18
09 10 16 17 19
09 10 16 17 20
09 10 16 18 19
09 10 16 18 20
09 10 16 19 20
09 10 17 18 19
09 10 17 18 20
09 10 17 19 20
09 10 18 19 20
11 12 13 14 15
11 12 13 14 16
11 12 13 14 17
11 12 13 14 18
11 12 13 14 19
11 12 13 14 20
11 12 13 15 16
11 12 13 15 17
11 12 13 15 18
11 12 13 15 19
11 12 13 15 20
11 12 13 16 17
11 12 13 16 18
11 12 13 16 19
11 12 13 16 20
11 12 13 17 18
11 12 13 17 19
11 12 13 17 20
11 12 13 18 19
11 12 13 18 20
11 12 13 19 20
11 12 14 15 16
11 12 14 15 17
11 12 14 15 18
11 12 14 15 19
11 12 14 15 20
11 12 14 16 17
11 12 14 16 18
11 12 14 16 19
11 12 14 16 20
11 12 14 17 18
11 12 14 17 19
11 12 14 17 20
11 12 14 18 19
11 12 14 18 20
11 12 14 19 20
11 12 15 16 17
11 12 15 16 18
11 12 15 16 19
11 12 15 16 20
11 12 15 17 18
11 12 15 17 19
11 12 15 17 20
11 12 15 18 19
11 12 15 18 20
11 12 15 19 20
11 12 16 17 18
11 12 16 17 19
11 12 16 17 20
11 12 16 18 19
11 12 16 18 20
11 12 16 19 20
11 12 17 18 19
11 12 17 18 20
11 12 17 19 20
11 12 18 19 20
13 14 15 16 17
13 14 15 16 18
13 14 15 16 19
13 14 15 16 20
13 14 15 17 18
13 14 15 17 19
13 14 15 17 20
13 14 15 18 19
13 14 15 18 20
13 14 15 19 20
13 14 16 17 18
13 14 16 17 19
13 14 16 17 20
13 14 16 18 19
13 14 16 18 20
13 14 16 19 20
13 14 17 18 19
13 14 17 18 20
13 14 17 19 20
13 14 18 19 20
15 16 17 18 19
15 16 17 18 20
15 16 17 19 20
15 16 18 19 20
