01 02 03 11
01 02 03 12
01 02 03 13
01 02 03 14
01 02 03 15
01 02 03 16
01 02 03 17
01 02 03 18
01 02 03 19
01 02 03 20
01 02 03 21
01 02 03 22
01 02 03 23
01 02 03 24
01 02 04 11
01 02 04 12
01 02 04 14
01 02 05 10
01 02 05 11
01 02 05 12
01 02 05 14
01 02 06 07
01 02 06 14
01 02 15 16
01 02 15 17
01 02 15 18
01 02 15 19
01 02 15 20
01 02 15 21
01 02 15 22
01 02 15 23
01 02 15 24
01 02 16 17
01 02 16 18
01 02 16 19
01 02 16 20
01 02 16 21
01 02 16 22
01 02 16 23
01 02 16 24
01 02 17 18
01 02 17 19
01 02 17 20
01 02 17 21
01 02 17 22
01 02 17 23
01 02 17 24
01 02 18 19
01 02 18 20
01 02 18 21
01 02 18 22
01 02 18 23
01 02 18 24
01 02 19 20
01 02 19 21
01 02 19 22
01 02 19 23
01 02 19 24
01 02 20 21
01 02 20 22
01 02 20 23
01 02 20 24
01 02 21 22
01 02 21 23
01 02 21 24
01 02 22 23
01 02 22 24
01 02 23 24
01 03 04 06
01 03 07 13
01 03 08 13
01 04 05 07
01 04 05 09
01 04 06 15
01 04 06 16
01 04 06 17
01 04 06 18
01 04 06 19
01 04 06 20
01 04 06 21
01 04 06 22
01 04 06 23
01 04 06 24
01 05 08 15
01 05 08 16
01 05 08 17
01 05 08 18
01 05 08 19
01 05 08 20
01 05 08 21
01 05 08 22
01 05 08 23
01 05 08 24
01 07 10 15
01 07 10 16
01 07 10 17
01 07 10 18
01 07 10 19
01 07 10 20
01 07 10 21
01 07 10 22
01 07 10 23
01 07 10 24
01 08 09 10
01 09 11 15
01 09 11 16
01 09 11 17
01 09 11 18
01 09 11 19
01 09 11 20
01 09 11 21
01 09 11 22
01 09 11 23
01 09 11 24
01 12 13 15
01 12 13 16
01 12 13 17
01 12 13 18
01 12 13 19
01 12 13 20
01 12 13 21
01 12 13 22
01 12 13 23
01 12 13 24
01 15 16 17
01 15 16 18
01 15 16 19
01 15 16 20
01 15 16 21
01 15 16 22
01 15 16 23
01 15 16 24
01 17 18 19
01 17 18 20
01 17 18 21
01 17 18 22
01 17 18 23
01 17 18 24
01 19 20 21
01 19 20 22
01 19 20 23
01 19 20 24
01 21 22 23
01 21 22 24
02 03 04 08
02 03 06 09
02 04 05 15
02 04 05 16
02 04 05 17
02 04 05 18
02 04 05 19
02 04 05 20
02 04 05 21
02 04 05 22
02 04 05 23
02 04 05 24
02 04 07 09
02 06 07 15
02 06 07 16
02 06 07 17
02 06 07 18
02 06 07 19
02 06 07 20
02 06 07 21
02 06 07 22
02 06 07 23
02 06 07 24
02 07 08 13
02 08 09 15
02 08 09 16
02 08 09 17
02 08 09 18
02 08 09 19
02 08 09 20
02 08 09 21
02 08 09 22
02 08 09 23
02 08 09 24
02 10 11 15
02 10 11 16
02 10 11 17
02 10 11 18
02 10 11 19
02 10 11 20
02 10 11 21
02 10 11 22
02 10 11 23
02 10 11 24
02 12 14 15
02 12 14 16
02 12 14 17
02 12 14 18
02 12 14 19
02 12 14 20
02 12 14 21
02 12 14 22
02 12 14 23
02 12 14 24
03 04 05 11
03 04 05 12
03 04 05 14
03 04 07 15
03 04 07 16
03 04 07 17
03 04 07 18
03 04 07 19
03 04 07 20
03 04 07 21
03 04 07 22
03 04 07 23
03 04 07 24
03 04 15 16
03 04 15 17
03 04 15 18
03 04 15 19
03 04 15 20
03 04 15 21
03 04 15 22
03 04 15 23
03 04 15 24
03 04 16 17
03 04 16 18
03 04 16 19
03 04 16 20
03 04 16 21
03 04 16 22
03 04 16 23
03 04 16 24
03 04 17 18
03 04 17 19
03 04 17 20
03 04 17 21
03 04 17 22
03 04 17 23
03 04 17 24
03 04 18 19
03 04 18 20
03 04 18 21
03 04 18 22
03 04 18 23
03 04 18 24
03 04 19 20
03 04 19 21
03 04 19 22
03 04 19 23
03 04 19 24
03 04 20 21
03 04 20 22
03 04 20 23
03 04 20 24
03 04 21 22
03 04 21 23
03 04 21 24
03 04 22 23
03 04 22 24
03 04 23 24
03 05 06 14
03 05 06 15
03 05 06 16
03 05 06 17
03 05 06 18
03 05 06 19
03 05 06 20
03 05 06 21
03 05 06 22
03 05 06 23
03 05 06 24
03 05 07 08
03 07 09 10
04 05 06 10
04 05 06 13
04 05 06 14
04 09 10 13
04 11 12 13
05 06 08 09
05 06 15 16
05 06 15 17
05 06 15 18
05 06 15 19
05 06 15 20
05 06 15 21
05 06 15 22
05 06 15 23
05 06 15 24
05 06 16 17
05 06 16 18
05 06 16 19
05 06 16 20
05 06 16 21
05 06 16 22
05 06 16 23
05 06 16 24
05 06 17 18
05 06 17 19
05 06 17 20
05 06 17 21
05 06 17 22
05 06 17 23
05 06 17 24
05 06 18 19
05 06 18 20
05 06 18 21
05 06 18 22
05 06 18 23
05 06 18 24
05 06 19 20
05 06 19 21
05 06 19 22
05 06 19 23
05 06 19 24
05 06 20 21
05 06 20 22
05 06 20 23
05 06 20 24
05 06 21 22
05 06 21 23
05 06 21 24
05 06 22 23
05 06 22 24
05 06 23 24
05 07 09 15
05 07 09 16
05 07 09 17
05 07 09 18
05 07 09 19
05 07 09 20
05 07 09 21
05 07 09 22
05 07 09 23
05 07 09 24
05 09 11 13
05 10 12 13
06 07 08 10
06 07 08 11
06 07 08 12
06 07 09 12
06 08 09 11
06 08 10 11
06 09 12 13
06 10 11 12
06 10 11 13
07 08 09 14
07 08 15 16
07 08 15 17
07 08 15 18
07 08 15 19
07 08 15 20
07 08 15 21
07 08 15 22
07 08 15 23
07 08 15 24
07 08 16 17
07 08 16 18
07 08 16 19
07 08 16 20
07 08 16 21
07 08 16 22
07 08 16 23
07 08 16 24
07 08 17 18
07 08 17 19
07 08 17 20
07 08 17 21
07 08 17 22
07 08 17 23
07 08 17 24
07 08 18 19
07 08 18 20
07 08 18 21
07 08 18 22
07 08 18 23
07 08 18 24
07 08 19 20
07 08 19 21
07 08 19 22
07 08 19 23
07 08 19 24
07 08 20 21
07 08 20 22
07 08 20 23
07 08 20 24
07 08 21 22
07 08 21 23
07 08 21 24
07 08 22 23
07 08 22 24
07 08 23 24
07 09 10 11
07 10 11 12
07 10 11 14
07 12 13 14
08 09 10 12
08 09 11 12
08 10 12 14
08 10 13 15
08 10 13 16
08 10 13 17
08 10 13 18
08 10 13 19
08 10 13 20
08 10 13 21
08 10 13 22
08 10 13 23
08 10 13 24
08 10 14 15
08 10 14 16
08 10 14 17
08 10 14 18
08 10 14 19
08 10 14 20
08 10 14 21
08 10 14 22
08 10 14 23
08 10 14 24
08 11 12 15
08 11 12 16
08 11 12 17
08 11 12 18
08 11 12 19
08 11 12 20
08 11 12 21
08 11 12 22
08 11 12 23
08 11 12 24
08 11 13 14
09 10 12 15
09 10 12 16
09 10 12 17
09 10 12 18
09 10 12 19
09 10 12 20
09 10 12 21
09 10 12 22
09 10 12 23
09 10 12 24
09 10 13 14
09 10 15 16
09 10 15 17
09 10 15 18
09 10 15 19
09 10 15 20
09 10 15 21
09 10 15 22
09 10 15 23
09 10 15 24
09 10 16 17
09 10 16 18
09 10 16 19
09 10 16 20
09 10 16 21
09 10 16 22
09 10 16 23
09 10 16 24
09 10 17 18
09 10 17 19
09 10 17 20
09 10 17 21
09 10 17 22
09 10 17 23
09 10 17 24
09 10 18 19
09 10 18 20
09 10 18 21
09 10 18 22
09 10 18 23
09 10 18 24
09 10 19 20
09 10 19 21
09 10 19 22
09 10 19 23
09 10 19 24
09 10 20 21
09 10 20 22
09 10 20 23
09 10 20 24
09 10 21 22
09 10 21 23
09 10 21 24
09 10 22 23
09 10 22 24
09 10 23 24
09 11 12 14
09 13 14 15
09 13 14 16
09 13 14 17
09 13 14 18
09 13 14 19
09 13 14 20
09 13 14 21
09 13 14 22
09 13 14 23
09 13 14 24
11 12 15 16
11 12 15 17
11 12 15 18
11 12 15 19
11 12 15 20
11 12 15 21
11 12 15 22
11 12 15 23
11 12 15 24
11 12 16 17
11 12 16 18
11 12 16 19
11 12 16 20
11 12 16 21
11 12 16 22
11 12 16 23
11 12 16 24
11 12 17 18
11 12 17 19
11 12 17 20
11 12 17 21
11 12 17 22
11 12 17 23
11 12 17 24
11 12 18 19
11 12 18 20
11 12 18 21
11 12 18 22
11 12 18 23
11 12 18 24
11 12 19 20
11 12 19 21
11 12 19 22
11 12 19 23
11 12 19 24
11 12 20 21
11 12 20 22
11 12 20 23
11 12 20 24
11 12 21 22
11 12 21 23
11 12 21 24
11 12 22 23
11 12 22 24
11 12 23 24
11 13 14 15
11 13 14 16
11 13 14 17
11 13 14 18
11 13 14 19
11 13 14 20
11 13 14 21
11 13 14 22
11 13 14 23
11 13 14 24
13 14 15 16
13 14 15 17
13 14 15 18
13 14 15 19
13 14 15 20
13 14 15 21
13 14 15 22
13 14 15 23
13 14 15 24
13 14 16 17
13 14 16 18
13 14 16 19
13 14 16 20
13 14 16 21
13 14 16 22
13 14 16 23
13 14 16 24
13 14 17 18
13 14 17 19
13 14 17 20
13 14 17 21
13 14 17 22
13 14 17 23
13 14 17 24
13 14 18 19
13 14 18 20
13 14 18 21
13 14 18 22
13 14 18 23
13 14 18 24
13 14 19 20
13 14 19 21
13 14 19 22
13 14 19 23
13 14 19 24
13 14 20 21
13 14 20 22
13 14 20 23
13 14 20 24
13 14 21 22
13 14 21 23
13 14 21 24
13 14 22 23
13 14 22 24
13 14 23 24
15 16 17 18
15 16 17 19
15 16 17 20
15 16 17 21
15 16 17 22
15 16 17 23
15 16 17 24
15 16 18 19
15 16 18 20
15 16 18 21
15 16 18 22
15 16 18 23
15 16 18 24
15 16 19 20
15 16 19 21
15 16 19 22
15 16 19 23
15 16 19 24
15 16 20 21
15 16 20 22
15 16 20 23
15 16 20 24
15 16 21 22
15 16 21 23
15 16 21 24
15 16 22 23
15 16 22 24
15 16 23 24
17 18 19 20
17 18 19 21
17 18 19 22
17 18 19 23
17 18 19 24
17 18 20 21
17 18 20 22
17 18 20 23
17 18 20 24
17 18 21 22
17 18 21 23
17 18 21 24
17 18 22 23
17 18 22 24
17 18 23 24
19 20 21 22
19 20 21 23
19 20 21 24
19 20 22 23
19 20 22 24
19 20 23 24
21 22 23 24
