01 02 03 04 05
01 02 03 06 08
01 02 03 09 10
01 02 03 11 12
01 02 03 11 13
01 02 03 11 14
01 02 03 11 15
01 02 03 11 16
01 02 03 11 17
01 02 03 11 18
01 02 03 11 19
01 02 03 11 20
01 02 03 11 21
01 02 03 11 22
01 02 03 11 23
01 02 03 11 24
01 02 03 12 13
01 02 03 12 14
01 02 03 12 15
01 02 03 12 16
01 02 03 12 17
01 02 03 12 18
01 02 03 12 19
01 02 03 12 20
01 02 03 12 21
01 02 03 12 22
01 02 03 12 23
01 02 03 12 24
01 02 03 13 14
01 02 03 13 15
01 02 03 13 16
01 02 03 13 17
01 02 03 13 18
01 02 03 13 19
01 02 03 13 20
01 02 03 13 21
01 02 03 13 22
01 02 03 13 23
01 02 03 13 24
01 02 03 14 15
01 02 03 14 16
01 02 03 14 17
01 02 03 14 18
01 02 03 14 19
01 02 03 14 20
01 02 03 14 21
01 02 03 14 22
01 02 03 14 23
01 02 03 14 24
01 02 03 15 16
01 02 03 15 17
01 02 03 15 18
01 02 03 15 19
01 02 03 15 20
01 02 03 15 21
01 02 03 15 22
01 02 03 15 23
01 02 03 15 24
01 02 03 16 17
01 02 03 16 18
01 02 03 16 19
01 02 03 16 20
01 02 03 16 21
01 02 03 16 22
01 02 03 16 23
01 02 03 16 24
01 02 03 17 18
01 02 03 17 19
01 02 03 17 20
01 02 03 17 21
01 02 03 17 22
01 02 03 17 23
01 02 03 17 24
01 02 03 18 19
01 02 03 18 20
01 02 03 18 21
01 02 03 18 22
01 02 03 18 23
01 02 03 18 24
01 02 03 19 20
01 02 03 19 21
01 02 03 19 22
01 02 03 19 23
01 02 03 19 24
01 02 03 20 21
01 02 03 20 22
01 02 03 20 23
01 02 03 20 24
01 02 03 21 22
01 02 03 21 23
01 02 03 21 24
01 02 03 22 23
01 02 03 22 24
01 02 03 23 24
01 02 04 06 10
01 02 04 08 09
01 02 04 11 12
01 02 04 11 13
01 02 04 11 14
01 02 04 11 15
01 02 04 11 16
01 02 04 11 17
01 02 04 11 18
01 02 04 11 19
01 02 04 11 20
01 02 04 11 21
01 02 04 11 22
01 02 04 11 23
01 02 04 11 24
01 02 04 12 13
01 02 04 12 14
01 02 04 12 15
01 02 04 12 16
01 02 04 12 17
01 02 04 12 18
01 02 04 12 19
01 02 04 12 20
01 02 04 12 21
01 02 04 12 22
01 02 04 12 23
01 02 04 12 24
01 02 04 14 15
01 02 04 14 16
01 02 04 14 17
01 02 04 14 18
01 02 04 14 19
01 02 04 14 20
01 02 04 14 21
01 02 04 14 22
01 02 04 14 23
01 02 04 14 24
01 02 05 06 09
01 02 05 08 10
01 02 05 10 11
01 02 05 10 12
01 02 05 10 13
01 02 05 10 14
01 02 05 10 15
01 02 05 10 16
01 02 05 10 17
01 02 05 10 18
01 02 05 10 19
01 02 05 10 20
01 02 05 10 21
01 02 05 10 22
01 02 05 10 23
01 02 05 10 24
01 02 05 11 12
01 02 05 11 13
01 02 05 11 14
01 02 05 11 15
01 02 05 11 16
01 02 05 11 17
01 02 05 11 18
01 02 05 11 19
01 02 05 11 20
01 02 05 11 21
01 02 05 11 22
01 02 05 11 23
01 02 05 11 24
01 02 05 12 13
01 02 05 12 14
01 02 05 12 15
01 02 05 12 16
01 02 05 12 17
01 02 05 12 18
01 02 05 12 19
01 02 05 12 20
01 02 05 12 21
01 02 05 12 22
01 02 05 12 23
01 02 05 12 24
01 02 05 14 15
01 02 05 14 16
01 02 05 14 17
01 02 05 14 18
01 02 05 14 19
01 02 05 14 20
01 02 05 14 21
01 02 05 14 22
01 02 05 14 23
01 02 05 14 24
01 02 06 07 11
01 02 06 07 12
01 02 06 07 13
01 02 06 07 14
01 02 06 07 15
01 02 06 07 16
01 02 06 07 17
01 02 06 07 18
01 02 06 07 19
01 02 06 07 20
01 02 06 07 21
01 02 06 07 22
01 02 06 07 23
01 02 06 07 24
01 02 06 14 15
01 02 06 14 16
01 02 06 14 17
01 02 06 14 18
01 02 06 14 19
01 02 06 14 20
01 02 06 14 21
01 02 06 14 22
01 02 06 14 23
01 02 06 14 24
01 02 15 16 17
01 02 15 16 18
01 02 15 16 19
01 02 15 16 20
01 02 15 16 21
01 02 15 16 22
01 02 15 16 23
01 02 15 16 24
01 02 15 17 18
01 02 15 17 19
01 02 15 17 20
01 02 15 17 21
01 02 15 17 22
01 02 15 17 23
01 02 15 17 24
01 02 15 18 19
01 02 15 18 20
01 02 15 18 21
01 02 15 18 22
01 02 15 18 23
01 02 15 18 24
01 02 15 19 20
01 02 15 19 21
01 02 15 19 22
01 02 15 19 23
01 02 15 19 24
01 02 15 20 21
01 02 15 20 22
01 02 15 20 23
01 02 15 20 24
01 02 15 21 22
01 02 15 21 23
01 02 15 21 24
01 02 15 22 23
01 02 15 22 24
01 02 15 23 24
01 02 16 17 18
01 02 16 17 19
01 02 16 17 20
01 02 16 17 21
01 02 16 17 22
01 02 16 17 23
01 02 16 17 24
01 02 16 18 19
01 02 16 18 20
01 02 16 18 21
01 02 16 18 22
01 02 16 18 23
01 02 16 18 24
01 02 16 19 20
01 02 16 19 21
01 02 16 19 22
01 02 16 19 23
01 02 16 19 24
01 02 16 20 21
01 02 16 20 22
01 02 16 20 23
01 02 16 20 24
01 02 16 21 22
01 02 16 21 23
01 02 16 21 24
01 02 16 22 23
01 02 16 22 24
01 02 16 23 24
01 02 17 18 19
01 02 17 18 20
01 02 17 18 21
01 02 17 18 22
01 02 17 18 23
01 02 17 18 24
01 02 17 19 20
01 02 17 19 21
01 02 17 19 22
01 02 17 19 23
01 02 17 19 24
01 02 17 20 21
01 02 17 20 22
01 02 17 20 23
01 02 17 20 24
01 02 17 21 22
01 02 17 21 23
01 02 17 21 24
01 02 17 22 23
01 02 17 22 24
01 02 17 23 24
01 02 18 19 20
01 02 18 19 21
01 02 18 19 22
01 02 18 19 23
01 02 18 19 24
01 02 18 20 21
01 02 18 20 22
01 02 18 20 23
01 02 18 20 24
01 02 18 21 22
01 02 18 21 23
01 02 18 21 24
01 02 18 22 23
01 02 18 22 24
01 02 18 23 24
01 02 19 20 21
01 02 19 20 22
01 02 19 20 23
01 02 19 20 24
01 02 19 21 22
01 02 19 21 23
01 02 19 21 24
01 02 19 22 23
01 02 19 22 24
01 02 19 23 24
01 02 20 21 22
01 02 20 21 23
01 02 20 21 24
01 02 20 22 23
01 02 20 22 24
01 02 20 23 24
01 02 21 22 23
01 02 21 22 24
01 02 21 23 24
01 02 22 23 24
01 03 04 06 08
01 03 04 06 11
01 03 04 06 12
01 03 04 06 13
01 03 04 06 14
01 03 04 06 15
01 03 04 06 16
01 03 04 06 17
01 03 04 06 18
01 03 04 06 19
01 03 04 06 20
01 03 04 06 21
01 03 04 06 22
01 03 04 06 23
01 03 04 06 24
01 03 07 13 14
01 03 07 13 15
01 03 07 13 16
01 03 07 13 17
01 03 07 13 18
01 03 07 13 19
01 03 07 13 20
01 03 07 13 21
01 03 07 13 22
01 03 07 13 23
01 03 07 13 24
01 03 08 13 14
01 03 08 13 15
01 03 08 13 16
01 03 08 13 17
01 03 08 13 18
01 03 08 13 19
01 03 08 13 20
01 03 08 13 21
01 03 08 13 22
01 03 08 13 23
01 03 08 13 24
01 04 05 07 11
01 04 05 07 12
01 04 05 07 13
01 04 05 07 14
01 04 05 07 15
01 04 05 07 16
01 04 05 07 17
01 04 05 07 18
01 04 05 07 19
01 04 05 07 20
01 04 05 07 21
01 04 05 07 22
01 04 05 07 23
01 04 05 07 24
01 04 05 09 11
01 04 05 09 12
01 04 05 09 13
01 04 05 09 14
01 04 05 09 15
01 04 05 09 16
01 04 05 09 17
01 04 05 09 18
01 04 05 09 19
01 04 05 09 20
01 04 05 09 21
01 04 05 09 22
01 04 05 09 23
01 04 05 09 24
01 04 06 15 16
01 04 06 15 17
01 04 06 15 18
01 04 06 15 19
01 04 06 15 20
01 04 06 15 21
01 04 06 15 22
01 04 06 15 23
01 04 06 15 24
01 04 06 16 17
01 04 06 16 18
01 04 06 16 19
01 04 06 16 20
01 04 06 16 21
01 04 06 16 22
01 04 06 16 23
01 04 06 16 24
01 04 06 17 18
01 04 06 17 19
01 04 06 17 20
01 04 06 17 21
01 04 06 17 22
01 04 06 17 23
01 04 06 17 24
01 04 06 18 19
01 04 06 18 20
01 04 06 18 21
01 04 06 18 22
01 04 06 18 23
01 04 06 18 24
01 04 06 19 20
01 04 06 19 21
01 04 06 19 22
01 04 06 19 23
01 04 06 19 24
01 04 06 20 21
01 04 06 20 22
01 04 06 20 23
01 04 06 20 24
01 04 06 21 22
01 04 06 21 23
01 04 06 21 24
01 04 06 22 23
01 04 06 22 24
01 04 06 23 24
01 05 08 15 16
01 05 08 15 17
01 05 08 15 18
01 05 08 15 19
01 05 08 15 20
01 05 08 15 21
01 05 08 15 22
01 05 08 15 23
01 05 08 15 24
01 05 08 16 17
01 05 08 16 18
01 05 08 16 19
01 05 08 16 20
01 05 08 16 21
01 05 08 16 22
01 05 08 16 23
01 05 08 16 24
01 05 08 17 18
01 05 08 17 19
01 05 08 17 20
01 05 08 17 21
01 05 08 17 22
01 05 08 17 23
01 05 08 17 24
01 05 08 18 19
01 05 08 18 20
01 05 08 18 21
01 05 08 18 22
01 05 08 18 23
01 05 08 18 24
01 05 08 19 20
01 05 08 19 21
01 05 08 19 22
01 05 08 19 23
01 05 08 19 24
01 05 08 20 21
01 05 08 20 22
01 05 08 20 23
01 05 08 20 24
01 05 08 21 22
01 05 08 21 23
01 05 08 21 24
01 05 08 22 23
01 05 08 22 24
01 05 08 23 24
01 07 10 15 16
01 07 10 15 17
01 07 10 15 18
01 07 10 15 19
01 07 10 15 20
01 07 10 15 21
01 07 10 15 22
01 07 10 15 23
01 07 10 15 24
01 07 10 16 17
01 07 10 16 18
01 07 10 16 19
01 07 10 16 20
01 07 10 16 21
01 07 10 16 22
01 07 10 16 23
01 07 10 16 24
01 07 10 17 18
01 07 10 17 19
01 07 10 17 20
01 07 10 17 21
01 07 10 17 22
01 07 10 17 23
01 07 10 17 24
01 07 10 18 19
01 07 10 18 20
01 07 10 18 21
01 07 10 18 22
01 07 10 18 23
01 07 10 18 24
01 07 10 19 20
01 07 10 19 21
01 07 10 19 22
01 07 10 19 23
01 07 10 19 24
01 07 10 20 21
01 07 10 20 22
01 07 10 20 23
01 07 10 20 24
01 07 10 21 22
01 07 10 21 23
01 07 10 21 24
01 07 10 22 23
01 07 10 22 24
01 07 10 23 24
01 08 09 10 11
01 08 09 10 12
01 08 09 10 13
01 08 09 10 14
01 08 09 10 15
01 08 09 10 16
01 08 09 10 17
01 08 09 10 18
01 08 09 10 19
01 08 09 10 20
01 08 09 10 21
01 08 09 10 22
01 08 09 10 23
01 08 09 10 24
01 09 11 15 16
01 09 11 15 17
01 09 11 15 18
01 09 11 15 19
01 09 11 15 20
01 09 11 15 21
01 09 11 15 22
01 09 11 15 23
01 09 11 15 24
01 09 11 16 17
01 09 11 16 18
01 09 11 16 19
01 09 11 16 20
01 09 11 16 21
01 09 11 16 22
01 09 11 16 23
01 09 11 16 24
01 09 11 17 18
01 09 11 17 19
01 09 11 17 20
01 09 11 17 21
01 09 11 17 22
01 09 11 17 23
01 09 11 17 24
01 09 11 18 19
01 09 11 18 20
01 09 11 18 21
01 09 11 18 22
01 09 11 18 23
01 09 11 18 24
01 09 11 19 20
01 09 11 19 21
01 09 11 19 22
01 09 11 19 23
01 09 11 19 24
01 09 11 20 21
01 09 11 20 22
01 09 11 20 23
01 09 11 20 24
01 09 11 21 22
01 09 11 21 23
01 09 11 21 24
01 09 11 22 23
01 09 11 22 24
01 09 11 23 24
01 12 13 15 16
01 12 13 15 17
01 12 13 15 18
01 12 13 15 19
01 12 13 15 20
01 12 13 15 21
01 12 13 15 22
01 12 13 15 23
01 12 13 15 24
01 12 13 16 17
01 12 13 16 18
01 12 13 16 19
01 12 13 16 20
01 12 13 16 21
01 12 13 16 22
01 12 13 16 23
01 12 13 16 24
01 12 13 17 18
01 12 13 17 19
01 12 13 17 20
01 12 13 17 21
01 12 13 17 22
01 12 13 17 23
01 12 13 17 24
01 12 13 18 19
01 12 13 18 20
01 12 13 18 21
01 12 13 18 22
01 12 13 18 23
01 12 13 18 24
01 12 13 19 20
01 12 13 19 21
01 12 13 19 22
01 12 13 19 23
01 12 13 19 24
01 12 13 20 21
01 12 13 20 22
01 12 13 20 23
01 12 13 20 24
01 12 13 21 22
01 12 13 21 23
01 12 13 21 24
01 12 13 22 23
01 12 13 22 24
01 12 13 23 24
01 15 16 17 18
01 15 16 17 19
01 15 16 17 20
01 15 16 17 21
01 15 16 17 22
01 15 16 17 23
01 15 16 17 24
01 15 16 18 19
01 15 16 18 20
01 15 16 18 21
01 15 16 18 22
01 15 16 18 23
01 15 16 18 24
01 15 16 19 20
01 15 16 19 21
01 15 16 19 22
01 15 16 19 23
01 15 16 19 24
01 15 16 20 21
01 15 16 20 22
01 15 16 20 23
01 15 16 20 24
01 15 16 21 22
01 15 16 21 23
01 15 16 21 24
01 15 16 22 23
01 15 16 22 24
01 15 16 23 24
01 17 18 19 20
01 17 18 19 21
01 17 18 19 22
01 17 18 19 23
01 17 18 19 24
01 17 18 20 21
01 17 18 20 22
01 17 18 20 23
01 17 18 20 24
01 17 18 21 22
01 17 18 21 23
01 17 18 21 24
01 17 18 22 23
01 17 18 22 24
01 17 18 23 24
01 19 20 21 22
01 19 20 21 23
01 19 20 21 24
01 19 20 22 23
01 19 20 22 24
01 19 20 23 24
01 21 22 23 24
02 03 04 08 11
02 03 04 08 12
02 03 04 08 13
02 03 04 08 14
02 03 04 08 15
02 03 04 08 16
02 03 04 08 17
02 03 04 08 18
02 03 04 08 19
02 03 04 08 20
02 03 04 08 21
02 03 04 08 22
02 03 04 08 23
02 03 04 08 24
02 03 06 09 11
02 03 06 09 12
02 03 06 09 13
02 03 06 09 14
02 03 06 09 15
02 03 06 09 16
02 03 06 09 17
02 03 06 09 18
02 03 06 09 19
02 03 06 09 20
02 03 06 09 21
02 03 06 09 22
02 03 06 09 23
02 03 06 09 24
02 04 05 15 16
02 04 05 15 17
02 04 05 15 18
02 04 05 15 19
02 04 05 15 20
02 04 05 15 21
02 04 05 15 22
02 04 05 15 23
02 04 05 15 24
02 04 05 16 17
02 04 05 16 18
02 04 05 16 19
02 04 05 16 20
02 04 05 16 21
02 04 05 16 22
02 04 05 16 23
02 04 05 16 24
02 04 05 17 18
02 04 05 17 19
02 04 05 17 20
02 04 05 17 21
02 04 05 17 22
02 04 05 17 23
02 04 05 17 24
02 04 05 18 19
02 04 05 18 20
02 04 05 18 21
02 04 05 18 22
02 04 05 18 23
02 04 05 18 24
02 04 05 19 20
02 04 05 19 21
02 04 05 19 22
02 04 05 19 23
02 04 05 19 24
02 04 05 20 21
02 04 05 20 22
02 04 05 20 23
02 04 05 20 24
02 04 05 21 22
02 04 05 21 23
02 04 05 21 24
02 04 05 22 23
02 04 05 22 24
02 04 05 23 24
02 04 07 09 11
02 04 07 09 12
02 04 07 09 13
02 04 07 09 14
02 04 07 09 15
02 04 07 09 16
02 04 07 09 17
02 04 07 09 18
02 04 07 09 19
02 04 07 09 20
02 04 07 09 21
02 04 07 09 22
02 04 07 09 23
02 04 07 09 24
02 06 07 15 16
02 06 07 15 17
02 06 07 15 18
02 06 07 15 19
02 06 07 15 20
02 06 07 15 21
02 06 07 15 22
02 06 07 15 23
02 06 07 15 24
02 06 07 16 17
02 06 07 16 18
02 06 07 16 19
02 06 07 16 20
02 06 07 16 21
02 06 07 16 22
02 06 07 16 23
02 06 07 16 24
02 06 07 17 18
02 06 07 17 19
02 06 07 17 20
02 06 07 17 21
02 06 07 17 22
02 06 07 17 23
02 06 07 17 24
02 06 07 18 19
02 06 07 18 20
02 06 07 18 21
02 06 07 18 22
02 06 07 18 23
02 06 07 18 24
02 06 07 19 20
02 06 07 19 21
02 06 07 19 22
02 06 07 19 23
02 06 07 19 24
02 06 07 20 21
02 06 07 20 22
02 06 07 20 23
02 06 07 20 24
02 06 07 21 22
02 06 07 21 23
02 06 07 21 24
02 06 07 22 23
02 06 07 22 24
02 06 07 23 24
02 07 08 13 14
02 07 08 13 15
02 07 08 13 16
02 07 08 13 17
02 07 08 13 18
02 07 08 13 19
02 07 08 13 20
02 07 08 13 21
02 07 08 13 22
02 07 08 13 23
02 07 08 13 24
02 08 09 15 16
02 08 09 15 17
02 08 09 15 18
02 08 09 15 19
02 08 09 15 20
02 08 09 15 21
02 08 09 15 22
02 08 09 15 23
02 08 09 15 24
02 08 09 16 17
02 08 09 16 18
02 08 09 16 19
02 08 09 16 20
02 08 09 16 21
02 08 09 16 22
02 08 09 16 23
02 08 09 16 24
02 08 09 17 18
02 08 09 17 19
02 08 09 17 20
02 08 09 17 21
02 08 09 17 22
02 08 09 17 23
02 08 09 17 24
02 08 09 18 19
02 08 09 18 20
02 08 09 18 21
02 08 09 18 22
02 08 09 18 23
02 08 09 18 24
02 08 09 19 20
02 08 09 19 21
02 08 09 19 22
02 08 09 19 23
02 08 09 19 24
02 08 09 20 21
02 08 09 20 22
02 08 09 20 23
02 08 09 20 24
02 08 09 21 22
02 08 09 21 23
02 08 09 21 24
02 08 09 22 23
02 08 09 22 24
02 08 09 23 24
02 10 11 15 16
02 10 11 15 17
02 10 11 15 18
02 10 11 15 19
02 10 11 15 20
02 10 11 15 21
02 10 11 15 22
02 10 11 15 23
02 10 11 15 24
02 10 11 16 17
02 10 11 16 18
02 10 11 16 19
02 10 11 16 20
02 10 11 16 21
02 10 11 16 22
02 10 11 16 23
02 10 11 16 24
02 10 11 17 18
02 10 11 17 19
02 10 11 17 20
02 10 11 17 21
02 10 11 17 22
02 10 11 17 23
02 10 11 17 24
02 10 11 18 19
02 10 11 18 20
02 10 11 18 21
02 10 11 18 22
02 10 11 18 23
02 10 11 18 24
02 10 11 19 20
02 10 11 19 21
02 10 11 19 22
02 10 11 19 23
02 10 11 19 24
02 10 11 20 21
02 10 11 20 22
02 10 11 20 23
02 10 11 20 24
02 10 11 21 22
02 10 11 21 23
02 10 11 21 24
02 10 11 22 23
02 10 11 22 24
02 10 11 23 24
02 12 14 15 16
02 12 14 15 17
02 12 14 15 18
02 12 14 15 19
02 12 14 15 20
02 12 14 15 21
02 12 14 15 22
02 12 14 15 23
02 12 14 15 24
02 12 14 16 17
02 12 14 16 18
02 12 14 16 19
02 12 14 16 20
02 12 14 16 21
02 12 14 16 22
02 12 14 16 23
02 12 14 16 24
02 12 14 17 18
02 12 14 17 19
02 12 14 17 20
02 12 14 17 21
02 12 14 17 22
02 12 14 17 23
02 12 14 17 24
02 12 14 18 19
02 12 14 18 20
02 12 14 18 21
02 12 14 18 22
02 12 14 18 23
02 12 14 18 24
02 12 14 19 20
02 12 14 19 21
02 12 14 19 22
02 12 14 19 23
02 12 14 19 24
02 12 14 20 21
02 12 14 20 22
02 12 14 20 23
02 12 14 20 24
02 12 14 21 22
02 12 14 21 23
02 12 14 21 24
02 12 14 22 23
02 12 14 22 24
02 12 14 23 24
03 04 05 11 12
03 04 05 11 13
03 04 05 11 14
03 04 05 11 15
03 04 05 11 16
03 04 05 11 17
03 04 05 11 18
03 04 05 11 19
03 04 05 11 20
03 04 05 11 21
03 04 05 11 22
03 04 05 11 23
03 04 05 11 24
03 04 05 12 13
03 04 05 12 14
03 04 05 12 15
03 04 05 12 16
03 04 05 12 17
03 04 05 12 18
03 04 05 12 19
03 04 05 12 20
03 04 05 12 21
03 04 05 12 22
03 04 05 12 23
03 04 05 12 24
03 04 05 14 15
03 04 05 14 16
03 04 05 14 17
03 04 05 14 18
03 04 05 14 19
03 04 05 14 20
03 04 05 14 21
03 04 05 14 22
03 04 05 14 23
03 04 05 14 24
03 04 06 07 09
03 04 07 08 10
03 04 07 15 16
03 04 07 15 17
03 04 07 15 18
03 04 07 15 19
03 04 07 15 20
03 04 07 15 21
03 04 07 15 22
03 04 07 15 23
03 04 07 15 24
03 04 07 16 17
03 04 07 16 18
03 04 07 16 19
03 04 07 16 20
03 04 07 16 21
03 04 07 16 22
03 04 07 16 23
03 04 07 16 24
03 04 07 17 18
03 04 07 17 19
03 04 07 17 20
03 04 07 17 21
03 04 07 17 22
03 04 07 17 23
03 04 07 17 24
03 04 07 18 19
03 04 07 18 20
03 04 07 18 21
03 04 07 18 22
03 04 07 18 23
03 04 07 18 24
03 04 07 19 20
03 04 07 19 21
03 04 07 19 22
03 04 07 19 23
03 04 07 19 24
03 04 07 20 21
03 04 07 20 22
03 04 07 20 23
03 04 07 20 24
03 04 07 21 22
03 04 07 21 23
03 04 07 21 24
03 04 07 22 23
03 04 07 22 24
03 04 07 23 24
03 04 15 16 17
03 04 15 16 18
03 04 15 16 19
03 04 15 16 20
03 04 15 16 21
03 04 15 16 22
03 04 15 16 23
03 04 15 16 24
03 04 15 17 18
03 04 15 17 19
03 04 15 17 20
03 04 15 17 21
03 04 15 17 22
03 04 15 17 23
03 04 15 17 24
03 04 15 18 19
03 04 15 18 20
03 04 15 18 21
03 04 15 18 22
03 04 15 18 23
03 04 15 18 24
03 04 15 19 20
03 04 15 19 21
03 04 15 19 22
03 04 15 19 23
03 04 15 19 24
03 04 15 20 21
03 04 15 20 22
03 04 15 20 23
03 04 15 20 24
03 04 15 21 22
03 04 15 21 23
03 04 15 21 24
03 04 15 22 23
03 04 15 22 24
03 04 15 23 24
03 04 16 17 18
03 04 16 17 19
03 04 16 17 20
03 04 16 17 21
03 04 16 17 22
03 04 16 17 23
03 04 16 17 24
03 04 16 18 19
03 04 16 18 20
03 04 16 18 21
03 04 16 18 22
03 04 16 18 23
03 04 16 18 24
03 04 16 19 20
03 04 16 19 21
03 04 16 19 22
03 04 16 19 23
03 04 16 19 24
03 04 16 20 21
03 04 16 20 22
03 04 16 20 23
03 04 16 20 24
03 04 16 21 22
03 04 16 21 23
03 04 16 21 24
03 04 16 22 23
03 04 16 22 24
03 04 16 23 24
03 04 17 18 19
03 04 17 18 20
03 04 17 18 21
03 04 17 18 22
03 04 17 18 23
03 04 17 18 24
03 04 17 19 20
03 04 17 19 21
03 04 17 19 22
03 04 17 19 23
03 04 17 19 24
03 04 17 20 21
03 04 17 20 22
03 04 17 20 23
03 04 17 20 24
03 04 17 21 22
03 04 17 21 23
03 04 17 21 24
03 04 17 22 23
03 04 17 22 24
03 04 17 23 24
03 04 18 19 20
03 04 18 19 21
03 04 18 19 22
03 04 18 19 23
03 04 18 19 24
03 04 18 20 21
03 04 18 20 22
03 04 18 20 23
03 04 18 20 24
03 04 18 21 22
03 04 18 21 23
03 04 18 21 24
03 04 18 22 23
03 04 18 22 24
03 04 18 23 24
03 04 19 20 21
03 04 19 20 22
03 04 19 20 23
03 04 19 20 24
03 04 19 21 22
03 04 19 21 23
03 04 19 21 24
03 04 19 22 23
03 04 19 22 24
03 04 19 23 24
03 04 20 21 22
03 04 20 21 23
03 04 20 21 24
03 04 20 22 23
03 04 20 22 24
03 04 20 23 24
03 04 21 22 23
03 04 21 22 24
03 04 21 23 24
03 04 22 23 24
03 05 06 07 10
03 05 06 14 15
03 05 06 14 16
03 05 06 14 17
03 05 06 14 18
03 05 06 14 19
03 05 06 14 20
03 05 06 14 21
03 05 06 14 22
03 05 06 14 23
03 05 06 14 24
03 05 06 15 16
03 05 06 15 17
03 05 06 15 18
03 05 06 15 19
03 05 06 15 20
03 05 06 15 21
03 05 06 15 22
03 05 06 15 23
03 05 06 15 24
03 05 06 16 17
03 05 06 16 18
03 05 06 16 19
03 05 06 16 20
03 05 06 16 21
03 05 06 16 22
03 05 06 16 23
03 05 06 16 24
03 05 06 17 18
03 05 06 17 19
03 05 06 17 20
03 05 06 17 21
03 05 06 17 22
03 05 06 17 23
03 05 06 17 24
03 05 06 18 19
03 05 06 18 20
03 05 06 18 21
03 05 06 18 22
03 05 06 18 23
03 05 06 18 24
03 05 06 19 20
03 05 06 19 21
03 05 06 19 22
03 05 06 19 23
03 05 06 19 24
03 05 06 20 21
03 05 06 20 22
03 05 06 20 23
03 05 06 20 24
03 05 06 21 22
03 05 06 21 23
03 05 06 21 24
03 05 06 22 23
03 05 06 22 24
03 05 06 23 24
03 05 07 08 09
03 05 07 08 11
03 05 07 08 12
03 05 07 08 13
03 05 07 08 14
03 05 07 08 15
03 05 07 08 16
03 05 07 08 17
03 05 07 08 18
03 05 07 08 19
03 05 07 08 20
03 05 07 08 21
03 05 07 08 22
03 05 07 08 23
03 05 07 08 24
03 07 09 10 11
03 07 09 10 12
03 07 09 10 13
03 07 09 10 14
03 07 09 10 15
03 07 09 10 16
03 07 09 10 17
03 07 09 10 18
03 07 09 10 19
03 07 09 10 20
03 07 09 10 21
03 07 09 10 22
03 07 09 10 23
03 07 09 10 24
04 05 06 07 08
04 05 06 10 11
04 05 06 10 12
04 05 06 10 13
04 05 06 10 14
04 05 06 10 15
04 05 06 10 16
04 05 06 10 17
04 05 06 10 18
04 05 06 10 19
04 05 06 10 20
04 05 06 10 21
04 05 06 10 22
04 05 06 10 23
04 05 06 10 24
04 05 06 13 14
04 05 06 13 15
04 05 06 13 16
04 05 06 13 17
04 05 06 13 18
04 05 06 13 19
04 05 06 13 20
04 05 06 13 21
04 05 06 13 22
04 05 06 13 23
04 05 06 13 24
04 05 06 14 15
04 05 06 14 16
04 05 06 14 17
04 05 06 14 18
04 05 06 14 19
04 05 06 14 20
04 05 06 14 21
04 05 06 14 22
04 05 06 14 23
04 05 06 14 24
04 05 07 09 10
04 09 10 13 14
04 09 10 13 15
04 09 10 13 16
04 09 10 13 17
04 09 10 13 18
04 09 10 13 19
04 09 10 13 20
04 09 10 13 21
04 09 10 13 22
04 09 10 13 23
04 09 10 13 24
04 11 12 13 14
04 11 12 13 15
04 11 12 13 16
04 11 12 13 17
04 11 12 13 18
04 11 12 13 19
04 11 12 13 20
04 11 12 13 21
04 11 12 13 22
04 11 12 13 23
04 11 12 13 24
05 06 08 09 11
05 06 08 09 12
05 06 08 09 13
05 06 08 09 14
05 06 08 09 15
05 06 08 09 16
05 06 08 09 17
05 06 08 09 18
05 06 08 09 19
05 06 08 09 20
05 06 08 09 21
05 06 08 09 22
05 06 08 09 23
05 06 08 09 24
05 06 15 16 17
05 06 15 16 18
05 06 15 16 19
05 06 15 16 20
05 06 15 16 21
05 06 15 16 22
05 06 15 16 23
05 06 15 16 24
05 06 15 17 18
05 06 15 17 19
05 06 15 17 20
05 06 15 17 21
05 06 15 17 22
05 06 15 17 23
05 06 15 17 24
05 06 15 18 19
05 06 15 18 20
05 06 15 18 21
05 06 15 18 22
05 06 15 18 23
05 06 15 18 24
05 06 15 19 20
05 06 15 19 21
05 06 15 19 22
05 06 15 19 23
05 06 15 19 24
05 06 15 20 21
05 06 15 20 22
05 06 15 20 23
05 06 15 20 24
05 06 15 21 22
05 06 15 21 23
05 06 15 21 24
05 06 15 22 23
05 06 15 22 24
05 06 15 23 24
05 06 16 17 18
05 06 16 17 19
05 06 16 17 20
05 06 16 17 21
05 06 16 17 22
05 06 16 17 23
05 06 16 17 24
05 06 16 18 19
05 06 16 18 20
05 06 16 18 21
05 06 16 18 22
05 06 16 18 23
05 06 16 18 24
05 06 16 19 20
05 06 16 19 21
05 06 16 19 22
05 06 16 19 23
05 06 16 19 24
05 06 16 20 21
05 06 16 20 22
05 06 16 20 23
05 06 16 20 24
05 06 16 21 22
05 06 16 21 23
05 06 16 21 24
05 06 16 22 23
05 06 16 22 24
05 06 16 23 24
05 06 17 18 19
05 06 17 18 20
05 06 17 18 21
05 06 17 18 22
05 06 17 18 23
05 06 17 18 24
05 06 17 19 20
05 06 17 19 21
05 06 17 19 22
05 06 17 19 23
05 06 17 19 24
05 06 17 20 21
05 06 17 20 22
05 06 17 20 23
05 06 17 20 24
05 06 17 21 22
05 06 17 21 23
05 06 17 21 24
05 06 17 22 23
05 06 17 22 24
05 06 17 23 24
05 06 18 19 20
05 06 18 19 21
05 06 18 19 22
05 06 18 19 23
05 06 18 19 24
05 06 18 20 21
05 06 18 20 22
05 06 18 20 23
05 06 18 20 24
05 06 18 21 22
05 06 18 21 23
05 06 18 21 24
05 06 18 22 23
05 06 18 22 24
05 06 18 23 24
05 06 19 20 21
05 06 19 20 22
05 06 19 20 23
05 06 19 20 24
05 06 19 21 22
05 06 19 21 23
05 06 19 21 24
05 06 19 22 23
05 06 19 22 24
05 06 19 23 24
05 06 20 21 22
05 06 20 21 23
05 06 20 21 24
05 06 20 22 23
05 06 20 22 24
05 06 20 23 24
05 06 21 22 23
05 06 21 22 24
05 06 21 23 24
05 06 22 23 24
05 07 09 15 16
05 07 09 15 17
05 07 09 15 18
05 07 09 15 19
05 07 09 15 20
05 07 09 15 21
05 07 09 15 22
05 07 09 15 23
05 07 09 15 24
05 07 09 16 17
05 07 09 16 18
05 07 09 16 19
05 07 09 16 20
05 07 09 16 21
05 07 09 16 22
05 07 09 16 23
05 07 09 16 24
05 07 09 17 18
05 07 09 17 19
05 07 09 17 20
05 07 09 17 21
05 07 09 17 22
05 07 09 17 23
05 07 09 17 24
05 07 09 18 19
05 07 09 18 20
05 07 09 18 21
05 07 09 18 22
05 07 09 18 23
05 07 09 18 24
05 07 09 19 20
05 07 09 19 21
05 07 09 19 22
05 07 09 19 23
05 07 09 19 24
05 07 09 20 21
05 07 09 20 22
05 07 09 20 23
05 07 09 20 24
05 07 09 21 22
05 07 09 21 23
05 07 09 21 24
05 07 09 22 23
05 07 09 22 24
05 07 09 23 24
05 09 11 13 14
05 09 11 13 15
05 09 11 13 16
05 09 11 13 17
05 09 11 13 18
05 09 11 13 19
05 09 11 13 20
05 09 11 13 21
05 09 11 13 22
05 09 11 13 23
05 09 11 13 24
05 10 12 13 14
05 10 12 13 15
05 10 12 13 16
05 10 12 13 17
05 10 12 13 18
05 10 12 13 19
05 10 12 13 20
05 10 12 13 21
05 10 12 13 22
05 10 12 13 23
05 10 12 13 24
06 07 08 09 10
06 07 08 10 11
06 07 08 10 12
06 07 08 10 13
06 07 08 10 14
06 07 08 10 15
06 07 08 10 16
06 07 08 10 17
06 07 08 10 18
06 07 08 10 19
06 07 08 10 20
06 07 08 10 21
06 07 08 10 22
06 07 08 10 23
06 07 08 10 24
06 07 08 11 12
06 07 08 11 13
06 07 08 11 14
06 07 08 11 15
06 07 08 11 16
06 07 08 11 17
06 07 08 11 18
06 07 08 11 19
06 07 08 11 20
06 07 08 11 21
06 07 08 11 22
06 07 08 11 23
06 07 08 11 24
06 07 08 12 13
06 07 08 12 14
06 07 08 12 15
06 07 08 12 16
06 07 08 12 17
06 07 08 12 18
06 07 08 12 19
06 07 08 12 20
06 07 08 12 21
06 07 08 12 22
06 07 08 12 23
06 07 08 12 24
06 07 09 12 13
06 07 09 12 14
06 07 09 12 15
06 07 09 12 16
06 07 09 12 17
06 07 09 12 18
06 07 09 12 19
06 07 09 12 20
06 07 09 12 21
06 07 09 12 22
06 07 09 12 23
06 07 09 12 24
06 08 09 11 12
06 08 09 11 13
06 08 09 11 14
06 08 09 11 15
06 08 09 11 16
06 08 09 11 17
06 08 09 11 18
06 08 09 11 19
06 08 09 11 20
06 08 09 11 21
06 08 09 11 22
06 08 09 11 23
06 08 09 11 24
06 08 10 11 12
06 08 10 11 13
06 08 10 11 14
06 08 10 11 15
06 08 10 11 16
06 08 10 11 17
06 08 10 11 18
06 08 10 11 19
06 08 10 11 20
06 08 10 11 21
06 08 10 11 22
06 08 10 11 23
06 08 10 11 24
06 09 12 13 14
06 09 12 13 15
06 09 12 13 16
06 09 12 13 17
06 09 12 13 18
06 09 12 13 19
06 09 12 13 20
06 09 12 13 21
06 09 12 13 22
06 09 12 13 23
06 09 12 13 24
06 10 11 12 13
06 10 11 12 14
06 10 11 12 15
06 10 11 12 16
06 10 11 12 17
06 10 11 12 18
06 10 11 12 19
06 10 11 12 20
06 10 11 12 21
06 10 11 12 22
06 10 11 12 23
06 10 11 12 24
06 10 11 13 14
06 10 11 13 15
06 10 11 13 16
06 10 11 13 17
06 10 11 13 18
06 10 11 13 19
06 10 11 13 20
06 10 11 13 21
06 10 11 13 22
06 10 11 13 23
06 10 11 13 24
07 08 09 14 15
07 08 09 14 16
07 08 09 14 17
07 08 09 14 18
07 08 09 14 19
07 08 09 14 20
07 08 09 14 21
07 08 09 14 22
07 08 09 14 23
07 08 09 14 24
07 08 15 16 17
07 08 15 16 18
07 08 15 16 19
07 08 15 16 20
07 08 15 16 21
07 08 15 16 22
07 08 15 16 23
07 08 15 16 24
07 08 15 17 18
07 08 15 17 19
07 08 15 17 20
07 08 15 17 21
07 08 15 17 22
07 08 15 17 23
07 08 15 17 24
07 08 15 18 19
07 08 15 18 20
07 08 15 18 21
07 08 15 18 22
07 08 15 18 23
07 08 15 18 24
07 08 15 19 20
07 08 15 19 21
07 08 15 19 22
07 08 15 19 23
07 08 15 19 24
07 08 15 20 21
07 08 15 20 22
07 08 15 20 23
07 08 15 20 24
07 08 15 21 22
07 08 15 21 23
07 08 15 21 24
07 08 15 22 23
07 08 15 22 24
07 08 15 23 24
07 08 16 17 18
07 08 16 17 19
07 08 16 17 20
07 08 16 17 21
07 08 16 17 22
07 08 16 17 23
07 08 16 17 24
07 08 16 18 19
07 08 16 18 20
07 08 16 18 21
07 08 16 18 22
07 08 16 18 23
07 08 16 18 24
07 08 16 19 20
07 08 16 19 21
07 08 16 19 22
07 08 16 19 23
07 08 16 19 24
07 08 16 20 21
07 08 16 20 22
07 08 16 20 23
07 08 16 20 24
07 08 16 21 22
07 08 16 21 23
07 08 16 21 24
07 08 16 22 23
07 08 16 22 24
07 08 16 23 24
07 08 17 18 19
07 08 17 18 20
07 08 17 18 21
07 08 17 18 22
07 08 17 18 23
07 08 17 18 24
07 08 17 19 20
07 08 17 19 21
07 08 17 19 22
07 08 17 19 23
07 08 17 19 24
07 08 17 20 21
07 08 17 20 22
07 08 17 20 23
07 08 17 20 24
07 08 17 21 22
07 08 17 21 23
07 08 17 21 24
07 08 17 22 23
07 08 17 22 24
07 08 17 23 24
07 08 18 19 20
07 08 18 19 21
07 08 18 19 22
07 08 18 19 23
07 08 18 19 24
07 08 18 20 21
07 08 18 20 22
07 08 18 20 23
07 08 18 20 24
07 08 18 21 22
07 08 18 21 23
07 08 18 21 24
07 08 18 22 23
07 08 18 22 24
07 08 18 23 24
07 08 19 20 21
07 08 19 20 22
07 08 19 20 23
07 08 19 20 24
07 08 19 21 22
07 08 19 21 23
07 08 19 21 24
07 08 19 22 23
07 08 19 22 24
07 08 19 23 24
07 08 20 21 22
07 08 20 21 23
07 08 20 21 24
07 08 20 22 23
07 08 20 22 24
07 08 20 23 24
07 08 21 22 23
07 08 21 22 24
07 08 21 23 24
07 08 22 23 24
07 09 10 11 12
07 09 10 11 13
07 09 10 11 14
07 09 10 11 15
07 09 10 11 16
07 09 10 11 17
07 09 10 11 18
07 09 10 11 19
07 09 10 11 20
07 09 10 11 21
07 09 10 11 22
07 09 10 11 23
07 09 10 11 24
07 10 11 12 13
07 10 11 12 14
07 10 11 12 15
07 10 11 12 16
07 10 11 12 17
07 10 11 12 18
07 10 11 12 19
07 10 11 12 20
07 10 11 12 21
07 10 11 12 22
07 10 11 12 23
07 10 11 12 24
07 10 11 14 15
07 10 11 14 16
07 10 11 14 17
07 10 11 14 18
07 10 11 14 19
07 10 11 14 20
07 10 11 14 21
07 10 11 14 22
07 10 11 14 23
07 10 11 14 24
07 12 13 14 15
07 12 13 14 16
07 12 13 14 17
07 12 13 14 18
07 12 13 14 19
07 12 13 14 20
07 12 13 14 21
07 12 13 14 22
07 12 13 14 23
07 12 13 14 24
08 09 10 12 13
08 09 10 12 14
08 09 10 12 15
08 09 10 12 16
08 09 10 12 17
08 09 10 12 18
08 09 10 12 19
08 09 10 12 20
08 09 10 12 21
08 09 10 12 22
08 09 10 12 23
08 09 10 12 24
08 09 11 12 13
08 09 11 12 14
08 09 11 12 15
08 09 11 12 16
08 09 11 12 17
08 09 11 12 18
08 09 11 12 19
08 09 11 12 20
08 09 11 12 21
08 09 11 12 22
08 09 11 12 23
08 09 11 12 24
08 10 12 14 15
08 10 12 14 16
08 10 12 14 17
08 10 12 14 18
08 10 12 14 19
08 10 12 14 20
08 10 12 14 21
08 10 12 14 22
08 10 12 14 23
08 10 12 14 24
08 10 13 15 16
08 10 13 15 17
08 10 13 15 18
08 10 13 15 19
08 10 13 15 20
08 10 13 15 21
08 10 13 15 22
08 10 13 15 23
08 10 13 15 24
08 10 13 16 17
08 10 13 16 18
08 10 13 16 19
08 10 13 16 20
08 10 13 16 21
08 10 13 16 22
08 10 13 16 23
08 10 13 16 24
08 10 13 17 18
08 10 13 17 19
08 10 13 17 20
08 10 13 17 21
08 10 13 17 22
08 10 13 17 23
08 10 13 17 24
08 10 13 18 19
08 10 13 18 20
08 10 13 18 21
08 10 13 18 22
08 10 13 18 23
08 10 13 18 24
08 10 13 19 20
08 10 13 19 21
08 10 13 19 22
08 10 13 19 23
08 10 13 19 24
08 10 13 20 21
08 10 13 20 22
08 10 13 20 23
08 10 13 20 24
08 10 13 21 22
08 10 13 21 23
08 10 13 21 24
08 10 13 22 23
08 10 13 22 24
08 10 13 23 24
08 10 14 15 16
08 10 14 15 17
08 10 14 15 18
08 10 14 15 19
08 10 14 15 20
08 10 14 15 21
08 10 14 15 22
08 10 14 15 23
08 10 14 15 24
08 10 14 16 17
08 10 14 16 18
08 10 14 16 19
08 10 14 16 20
08 10 14 16 21
08 10 14 16 22
08 10 14 16 23
08 10 14 16 24
08 10 14 17 18
08 10 14 17 19
08 10 14 17 20
08 10 14 17 21
08 10 14 17 22
08 10 14 17 23
08 10 14 17 24
08 10 14 18 19
08 10 14 18 20
08 10 14 18 21
08 10 14 18 22
08 10 14 18 23
08 10 14 18 24
08 10 14 19 20
08 10 14 19 21
08 10 14 19 22
08 10 14 19 23
08 10 14 19 24
08 10 14 20 21
08 10 14 20 22
08 10 14 20 23
08 10 14 20 24
08 10 14 21 22
08 10 14 21 23
08 10 14 21 24
08 10 14 22 23
08 10 14 22 24
08 10 14 23 24
08 11 12 15 16
08 11 12 15 17
08 11 12 15 18
08 11 12 15 19
08 11 12 15 20
08 11 12 15 21
08 11 12 15 22
08 11 12 15 23
08 11 12 15 24
08 11 12 16 17
08 11 12 16 18
08 11 12 16 19
08 11 12 16 20
08 11 12 16 21
08 11 12 16 22
08 11 12 16 23
08 11 12 16 24
08 11 12 17 18
08 11 12 17 19
08 11 12 17 20
08 11 12 17 21
08 11 12 17 22
08 11 12 17 23
08 11 12 17 24
08 11 12 18 19
08 11 12 18 20
08 11 12 18 21
08 11 12 18 22
08 11 12 18 23
08 11 12 18 24
08 11 12 19 20
08 11 12 19 21
08 11 12 19 22
08 11 12 19 23
08 11 12 19 24
08 11 12 20 21
08 11 12 20 22
08 11 12 20 23
08 11 12 20 24
08 11 12 21 22
08 11 12 21 23
08 11 12 21 24
08 11 12 22 23
08 11 12 22 24
08 11 12 23 24
08 11 13 14 15
08 11 13 14 16
08 11 13 14 17
08 11 13 14 18
08 11 13 14 19
08 11 13 14 20
08 11 13 14 21
08 11 13 14 22
08 11 13 14 23
08 11 13 14 24
09 10 12 15 16
09 10 12 15 17
09 10 12 15 18
09 10 12 15 19
09 10 12 15 20
09 10 12 15 21
09 10 12 15 22
09 10 12 15 23
09 10 12 15 24
09 10 12 16 17
09 10 12 16 18
09 10 12 16 19
09 10 12 16 20
09 10 12 16 21
09 10 12 16 22
09 10 12 16 23
09 10 12 16 24
09 10 12 17 18
09 10 12 17 19
09 10 12 17 20
09 10 12 17 21
09 10 12 17 22
09 10 12 17 23
09 10 12 17 24
09 10 12 18 19
09 10 12 18 20
09 10 12 18 21
09 10 12 18 22
09 10 12 18 23
09 10 12 18 24
09 10 12 19 20
09 10 12 19 21
09 10 12 19 22
09 10 12 19 23
09 10 12 19 24
09 10 12 20 21
09 10 12 20 22
09 10 12 20 23
09 10 12 20 24
09 10 12 21 22
09 10 12 21 23
09 10 12 21 24
09 10 12 22 23
09 10 12 22 24
09 10 12 23 24
09 10 13 14 15
09 10 13 14 16
09 10 13 14 17
09 10 13 14 18
09 10 13 14 19
09 10 13 14 20
09 10 13 14 21
09 10 13 14 22
09 10 13 14 23
09 10 13 14 24
09 10 15 16 17
09 10 15 16 18
09 10 15 16 19
09 10 15 16 20
09 10 15 16 21
09 10 15 16 22
09 10 15 16 23
09 10 15 16 24
09 10 15 17 18
09 10 15 17 19
09 10 15 17 20
09 10 15 17 21
09 10 15 17 22
09 10 15 17 23
09 10 15 17 24
09 10 15 18 19
09 10 15 18 20
09 10 15 18 21
09 10 15 18 22
09 10 15 18 23
09 10 15 18 24
09 10 15 19 20
09 10 15 19 21
09 10 15 19 22
09 10 15 19 23
09 10 15 19 24
09 10 15 20 21
09 10 15 20 22
09 10 15 20 23
09 10 15 20 24
09 10 15 21 22
09 10 15 21 23
09 10 15 21 24
09 10 15 22 23
09 10 15 22 24
09 10 15 23 24
09 10 16 17 18
09 10 16 17 19
09 10 16 17 20
09 10 16 17 21
09 10 16 17 22
09 10 16 17 23
09 10 16 17 24
09 10 16 18 19
09 10 16 18 20
09 10 16 18 21
09 10 16 18 22
09 10 16 18 23
09 10 16 18 24
09 10 16 19 20
09 10 16 19 21
09 10 16 19 22
09 10 16 19 23
09 10 16 19 24
09 10 16 20 21
09 10 16 20 22
09 10 16 20 23
09 10 16 20 24
09 10 16 21 22
09 10 16 21 23
09 10 16 21 24
09 10 16 22 23
09 10 16 22 24
09 10 16 23 24
09 10 17 18 19
09 10 17 18 20
09 10 17 18 21
09 10 17 18 22
09 10 17 18 23
09 10 17 18 24
09 10 17 19 20
09 10 17 19 21
09 10 17 19 22
09 10 17 19 23
09 10 17 19 24
09 10 17 20 21
09 10 17 20 22
09 10 17 20 23
09 10 17 20 24
09 10 17 21 22
09 10 17 21 23
09 10 17 21 24
09 10 17 22 23
09 10 17 22 24
09 10 17 23 24
09 10 18 19 20
09 10 18 19 21
09 10 18 19 22
09 10 18 19 23
09 10 18 19 24
09 10 18 20 21
09 10 18 20 22
09 10 18 20 23
09 10 18 20 24
09 10 18 21 22
09 10 18 21 23
09 10 18 21 24
09 10 18 22 23
09 10 18 22 24
09 10 18 23 24
09 10 19 20 21
09 10 19 20 22
09 10 19 20 23
09 10 19 20 24
09 10 19 21 22
09 10 19 21 23
09 10 19 21 24
09 10 19 22 23
09 10 19 22 24
09 10 19 23 24
09 10 20 21 22
09 10 20 21 23
09 10 20 21 24
09 10 20 22 23
09 10 20 22 24
09 10 20 23 24
09 10 21 22 23
09 10 21 22 24
09 10 21 23 24
09 10 22 23 24
09 11 12 14 15
09 11 12 14 16
09 11 12 14 17
09 11 12 14 18
09 11 12 14 19
09 11 12 14 20
09 11 12 14 21
09 11 12 14 22
09 11 12 14 23
09 11 12 14 24
09 13 14 15 16
09 13 14 15 17
09 13 14 15 18
09 13 14 15 19
09 13 14 15 20
09 13 14 15 21
09 13 14 15 22
09 13 14 15 23
09 13 14 15 24
09 13 14 16 17
09 13 14 16 18
09 13 14 16 19
09 13 14 16 20
09 13 14 16 21
09 13 14 16 22
09 13 14 16 23
09 13 14 16 24
09 13 14 17 18
09 13 14 17 19
09 13 14 17 20
09 13 14 17 21
09 13 14 17 22
09 13 14 17 23
09 13 14 17 24
09 13 14 18 19
09 13 14 18 20
09 13 14 18 21
09 13 14 18 22
09 13 14 18 23
09 13 14 18 24
09 13 14 19 20
09 13 14 19 21
09 13 14 19 22
09 13 14 19 23
09 13 14 19 24
09 13 14 20 21
09 13 14 20 22
09 13 14 20 23
09 13 14 20 24
09 13 14 21 22
09 13 14 21 23
09 13 14 21 24
09 13 14 22 23
09 13 14 22 24
09 13 14 23 24
11 12 15 16 17
11 12 15 16 18
11 12 15 16 19
11 12 15 16 20
11 12 15 16 21
11 12 15 16 22
11 12 15 16 23
11 12 15 16 24
11 12 15 17 18
11 12 15 17 19
11 12 15 17 20
11 12 15 17 21
11 12 15 17 22
11 12 15 17 23
11 12 15 17 24
11 12 15 18 19
11 12 15 18 20
11 12 15 18 21
11 12 15 18 22
11 12 15 18 23
11 12 15 18 24
11 12 15 19 20
11 12 15 19 21
11 12 15 19 22
11 12 15 19 23
11 12 15 19 24
11 12 15 20 21
11 12 15 20 22
11 12 15 20 23
11 12 15 20 24
11 12 15 21 22
11 12 15 21 23
11 12 15 21 24
11 12 15 22 23
11 12 15 22 24
11 12 15 23 24
11 12 16 17 18
11 12 16 17 19
11 12 16 17 20
11 12 16 17 21
11 12 16 17 22
11 12 16 17 23
11 12 16 17 24
11 12 16 18 19
11 12 16 18 20
11 12 16 18 21
11 12 16 18 22
11 12 16 18 23
11 12 16 18 24
11 12 16 19 20
11 12 16 19 21
11 12 16 19 22
11 12 16 19 23
11 12 16 19 24
11 12 16 20 21
11 12 16 20 22
11 12 16 20 23
11 12 16 20 24
11 12 16 21 22
11 12 16 21 23
11 12 16 21 24
11 12 16 22 23
11 12 16 22 24
11 12 16 23 24
11 12 17 18 19
11 12 17 18 20
11 12 17 18 21
11 12 17 18 22
11 12 17 18 23
11 12 17 18 24
11 12 17 19 20
11 12 17 19 21
11 12 17 19 22
11 12 17 19 23
11 12 17 19 24
11 12 17 20 21
11 12 17 20 22
11 12 17 20 23
11 12 17 20 24
11 12 17 21 22
11 12 17 21 23
11 12 17 21 24
11 12 17 22 23
11 12 17 22 24
11 12 17 23 24
11 12 18 19 20
11 12 18 19 21
11 12 18 19 22
11 12 18 19 23
11 12 18 19 24
11 12 18 20 21
11 12 18 20 22
11 12 18 20 23
11 12 18 20 24
11 12 18 21 22
11 12 18 21 23
11 12 18 21 24
11 12 18 22 23
11 12 18 22 24
11 12 18 23 24
11 12 19 20 21
11 12 19 20 22
11 12 19 20 23
11 12 19 20 24
11 12 19 21 22
11 12 19 21 23
11 12 19 21 24
11 12 19 22 23
11 12 19 22 24
11 12 19 23 24
11 12 20 21 22
11 12 20 21 23
11 12 20 21 24
11 12 20 22 23
11 12 20 22 24
11 12 20 23 24
11 12 21 22 23
11 12 21 22 24
11 12 21 23 24
11 12 22 23 24
11 13 14 15 16
11 13 14 15 17
11 13 14 15 18
11 13 14 15 19
11 13 14 15 20
11 13 14 15 21
11 13 14 15 22
11 13 14 15 23
11 13 14 15 24
11 13 14 16 17
11 13 14 16 18
11 13 14 16 19
11 13 14 16 20
11 13 14 16 21
11 13 14 16 22
11 13 14 16 23
11 13 14 16 24
11 13 14 17 18
11 13 14 17 19
11 13 14 17 20
11 13 14 17 21
11 13 14 17 22
11 13 14 17 23
11 13 14 17 24
11 13 14 18 19
11 13 14 18 20
11 13 14 18 21
11 13 14 18 22
11 13 14 18 23
11 13 14 18 24
11 13 14 19 20
11 13 14 19 21
11 13 14 19 22
11 13 14 19 23
11 13 14 19 24
11 13 14 20 21
11 13 14 20 22
11 13 14 20 23
11 13 14 20 24
11 13 14 21 22
11 13 14 21 23
11 13 14 21 24
11 13 14 22 23
11 13 14 22 24
11 13 14 23 24
13 14 15 16 17
13 14 15 16 18
13 14 15 16 19
13 14 15 16 20
13 14 15 16 21
13 14 15 16 22
13 14 15 16 23
13 14 15 16 24
13 14 15 17 18
13 14 15 17 19
13 14 15 17 20
13 14 15 17 21
13 14 15 17 22
13 14 15 17 23
13 14 15 17 24
13 14 15 18 19
13 14 15 18 20
13 14 15 18 21
13 14 15 18 22
13 14 15 18 23
13 14 15 18 24
13 14 15 19 20
13 14 15 19 21
13 14 15 19 22
13 14 15 19 23
13 14 15 19 24
13 14 15 20 21
13 14 15 20 22
13 14 15 20 23
13 14 15 20 24
13 14 15 21 22
13 14 15 21 23
13 14 15 21 24
13 14 15 22 23
13 14 15 22 24
13 14 15 23 24
13 14 16 17 18
13 14 16 17 19
13 14 16 17 20
13 14 16 17 21
13 14 16 17 22
13 14 16 17 23
13 14 16 17 24
13 14 16 18 19
13 14 16 18 20
13 14 16 18 21
13 14 16 18 22
13 14 16 18 23
13 14 16 18 24
13 14 16 19 20
13 14 16 19 21
13 14 16 19 22
13 14 16 19 23
13 14 16 19 24
13 14 16 20 21
13 14 16 20 22
13 14 16 20 23
13 14 16 20 24
13 14 16 21 22
13 14 16 21 23
13 14 16 21 24
13 14 16 22 23
13 14 16 22 24
13 14 16 23 24
13 14 17 18 19
13 14 17 18 20
13 14 17 18 21
13 14 17 18 22
13 14 17 18 23
13 14 17 18 24
13 14 17 19 20
13 14 17 19 21
13 14 17 19 22
13 14 17 19 23
13 14 17 19 24
13 14 17 20 21
13 14 17 20 22
13 14 17 20 23
13 14 17 20 24
13 14 17 21 22
13 14 17 21 23
13 14 17 21 24
13 14 17 22 23
13 14 17 22 24
13 14 17 23 24
13 14 18 19 20
13 14 18 19 21
13 14 18 19 22
13 14 18 19 23
13 14 18 19 24
13 14 18 20 21
13 14 18 20 22
13 14 18 20 23
13 14 18 20 24
13 14 18 21 22
13 14 18 21 23
13 14 18 21 24
13 14 18 22 23
13 14 18 22 24
13 14 18 23 24
13 14 19 20 21
13 14 19 20 22
13 14 19 20 23
13 14 19 20 24
13 14 19 21 22
13 14 19 21 23
13 14 19 21 24
13 14 19 22 23
13 14 19 22 24
13 14 19 23 24
13 14 20 21 22
13 14 20 21 23
13 14 20 21 24
13 14 20 22 23
13 14 20 22 24
13 14 20 23 24
13 14 21 22 23
13 14 21 22 24
13 14 21 23 24
13 14 22 23 24
15 16 17 18 19
15 16 17 18 20
15 16 17 18 21
15 16 17 18 22
15 16 17 18 23
15 16 17 18 24
15 16 17 19 20
15 16 17 19 21
15 16 17 19 22
15 16 17 19 23
15 16 17 19 24
15 16 17 20 21
15 16 17 20 22
15 16 17 20 23
15 16 17 20 24
15 16 17 21 22
15 16 17 21 23
15 16 17 21 24
15 16 17 22 23
15 16 17 22 24
15 16 17 23 24
15 16 18 19 20
15 16 18 19 21
15 16 18 19 22
15 16 18 19 23
15 16 18 19 24
15 16 18 20 21
15 16 18 20 22
15 16 18 20 23
15 16 18 20 24
15 16 18 21 22
15 16 18 21 23
15 16 18 21 24
15 16 18 22 23
15 16 18 22 24
15 16 18 23 24
15 16 19 20 21
15 16 19 20 22
15 16 19 20 23
15 16 19 20 24
15 16 19 21 22
15 16 19 21 23
15 16 19 21 24
15 16 19 22 23
15 16 19 22 24
15 16 19 23 24
15 16 20 21 22
15 16 20 21 23
15 16 20 21 24
15 16 20 22 23
15 16 20 22 24
15 16 20 23 24
15 16 21 22 23
15 16 21 22 24
15 16 21 23 24
15 16 22 23 24
17 18 19 20 21
17 18 19 20 22
17 18 19 20 23
17 18 19 20 24
17 18 19 21 22
17 18 19 21 23
17 18 19 21 24
17 18 19 22 23
17 18 19 22 24
17 18 19 23 24
17 18 20 21 22
17 18 20 21 23
17 18 20 21 24
17 18 20 22 23
17 18 20 22 24
17 18 20 23 24
17 18 21 22 23
17 18 21 22 24
17 18 21 23 24
17 18 22 23 24
19 20 21 22 23
19 20 21 22 24
19 20 21 23 24
19 20 22 23 24
