01 02 03 04
06 07 08 09
01 02 03 05
01 02 03 06
01 07 08 09
02 07 08 09
03 07 08 09
04 05 06 07
04 05 06 08
04 05 06 09
01 02 03 10
01 02 04 10
01 02 05 10
01 06 07 10
03 04 05 10
06 08 09 10
07 08 09 10
01 02 03 11
08 09 10 11
01 02 04 11
01 02 05 11
03 04 05 11
06 07 08 11
06 07 09 11
06 07 10 11
01 02 03 12
08 09 10 12
01 02 04 12
01 02 05 12
03 04 05 12
06 07 08 12
06 07 09 12
06 07 10 12
01 02 11 12
03 04 11 12
05 06 11 12
07 08 11 12
09 10 11 12
01 02 03 13
08 09 10 13
01 02 04 13
01 02 05 13
03 04 05 13
06 07 08 13
06 07 09 13
06 07 10 13
01 02 11 13
03 04 11 13
05 06 11 13
07 08 11 13
09 10 11 13
01 02 12 13
03 04 12 13
05 06 12 13
07 08 12 13
09 10 12 13
01 11 12 13
01 02 03 14
08 09 10 14
01 02 04 14
01 02 05 14
03 04 05 14
06 07 08 14
06 07 09 14
06 07 10 14
01 02 11 14
03 04 11 14
05 06 11 14
07 08 11 14
09 10 11 14
01 02 12 14
03 04 12 14
05 06 12 14
07 08 12 14
09 10 12 14
01 11 12 14
01 02 13 14
03 04 13 14
05 06 13 14
07 08 13 14
09 10 13 14
11 12 13 14
01 02 03 15
08 09 10 15
01 02 04 15
01 02 05 15
03 04 05 15
06 07 08 15
06 07 09 15
06 07 10 15
01 02 11 15
03 04 11 15
05 06 11 15
07 08 11 15
09 10 11 15
01 02 12 15
03 04 12 15
05 06 12 15
07 08 12 15
09 10 12 15
01 11 12 15
01 02 13 15
03 04 13 15
05 06 13 15
07 08 13 15
09 10 13 15
11 12 13 15
01 02 14 15
03 04 14 15
05 06 14 15
07 08 14 15
09 10 14 15
11 12 14 15
01 13 14 15
01 02 03 16
08 09 10 16
01 02 04 16
01 02 05 16
03 04 05 16
06 07 08 16
06 07 09 16
06 07 10 16
01 02 11 16
03 04 11 16
05 06 11 16
07 08 11 16
09 10 11 16
01 02 12 16
03 04 12 16
05 06 12 16
07 08 12 16
09 10 12 16
01 11 12 16
01 02 13 16
03 04 13 16
05 06 13 16
07 08 13 16
09 10 13 16
11 12 13 16
01 02 14 16
03 04 14 16
05 06 14 16
07 08 14 16
09 10 14 16
11 12 14 16
01 13 14 16
01 02 15 16
03 04 15 16
05 06 15 16
07 08 15 16
09 10 15 16
11 12 15 16
13 14 15 16
01 02 03 17
08 09 10 17
01 02 04 17
01 02 05 17
03 04 05 17
06 07 08 17
06 07 09 17
06 07 10 17
01 02 11 17
03 04 11 17
05 06 11 17
07 08 11 17
09 10 11 17
01 02 12 17
03 04 12 17
05 06 12 17
07 08 12 17
09 10 12 17
01 11 12 17
01 02 13 17
03 04 13 17
05 06 13 17
07 08 13 17
09 10 13 17
11 12 13 17
01 02 14 17
03 04 14 17
05 06 14 17
07 08 14 17
09 10 14 17
11 12 14 17
01 13 14 17
01 02 15 17
03 04 15 17
05 06 15 17
07 08 15 17
09 10 15 17
11 12 15 17
13 14 15 17
01 02 16 17
03 04 16 17
05 06 16 17
07 08 16 17
09 10 16 17
11 12 16 17
13 14 16 17
01 15 16 17
01 02 03 18
08 09 10 18
01 02 04 18
01 02 05 18
03 04 05 18
06 07 08 18
06 07 09 18
06 07 10 18
01 02 11 18
03 04 11 18
05 06 11 18
07 08 11 18
09 10 11 18
01 02 12 18
03 04 12 18
05 06 12 18
07 08 12 18
09 10 12 18
01 11 12 18
01 02 13 18
03 04 13 18
05 06 13 18
07 08 13 18
09 10 13 18
11 12 13 18
01 02 14 18
03 04 14 18
05 06 14 18
07 08 14 18
09 10 14 18
11 12 14 18
01 13 14 18
01 02 15 18
03 04 15 18
05 06 15 18
07 08 15 18
09 10 15 18
11 12 15 18
13 14 15 18
01 02 16 18
03 04 16 18
05 06 16 18
07 08 16 18
09 10 16 18
11 12 16 18
13 14 16 18
01 15 16 18
01 02 17 18
03 04 17 18
05 06 17 18
07 08 17 18
09 10 17 18
11 12 17 18
13 14 17 18
15 16 17 18
01 02 03 19
08 09 10 19
01 02 04 19
01 02 05 19
03 04 05 19
06 07 08 19
06 07 09 19
06 07 10 19
01 02 11 19
03 04 11 19
05 06 11 19
07 08 11 19
09 10 11 19
01 02 12 19
03 04 12 19
05 06 12 19
07 08 12 19
09 10 12 19
01 11 12 19
01 02 13 19
03 04 13 19
05 06 13 19
07 08 13 19
09 10 13 19
11 12 13 19
01 02 14 19
03 04 14 19
05 06 14 19
07 08 14 19
09 10 14 19
11 12 14 19
01 13 14 19
01 02 15 19
03 04 15 19
05 06 15 19
07 08 15 19
09 10 15 19
11 12 15 19
13 14 15 19
01 02 16 19
03 04 16 19
05 06 16 19
07 08 16 19
09 10 16 19
11 12 16 19
13 14 16 19
01 15 16 19
01 02 17 19
03 04 17 19
05 06 17 19
07 08 17 19
09 10 17 19
11 12 17 19
13 14 17 19
15 16 17 19
01 02 18 19
03 04 18 19
05 06 18 19
07 08 18 19
09 10 18 19
11 12 18 19
13 14 18 19
15 16 18 19
01 17 18 19
01 02 03 20
08 09 10 20
01 02 04 20
01 02 05 20
03 04 05 20
06 07 08 20
06 07 09 20
06 07 10 20
01 02 11 20
03 04 11 20
05 06 11 20
07 08 11 20
09 10 11 20
01 02 12 20
03 04 12 20
05 06 12 20
07 08 12 20
09 10 12 20
01 11 12 20
01 02 13 20
03 04 13 20
05 06 13 20
07 08 13 20
09 10 13 20
11 12 13 20
01 02 14 20
03 04 14 20
05 06 14 20
07 08 14 20
09 10 14 20
11 12 14 20
01 13 14 20
01 02 15 20
03 04 15 20
05 06 15 20
07 08 15 20
09 10 15 20
11 12 15 20
13 14 15 20
01 02 16 20
03 04 16 20
05 06 16 20
07 08 16 20
09 10 16 20
11 12 16 20
13 14 16 20
01 15 16 20
01 02 17 20
03 04 17 20
05 06 17 20
07 08 17 20
09 10 17 20
11 12 17 20
13 14 17 20
15 16 17 20
01 02 18 20
03 04 18 20
05 06 18 20
07 08 18 20
09 10 18 20
11 12 18 20
13 14 18 20
15 16 18 20
01 17 18 20
01 02 19 20
03 04 19 20
05 06 19 20
07 08 19 20
09 10 19 20
11 12 19 20
13 14 19 20
15 16 19 20
17 18 19 20
01 02 03 21
08 09 10 21
01 02 04 21
01 02 05 21
03 04 05 21
06 07 08 21
06 07 09 21
06 07 10 21
01 02 11 21
03 04 11 21
05 06 11 21
07 08 11 21
09 10 11 21
01 02 12 21
03 04 12 21
05 06 12 21
07 08 12 21
09 10 12 21
01 11 12 21
01 02 13 21
03 04 13 21
05 06 13 21
07 08 13 21
09 10 13 21
11 12 13 21
01 02 14 21
03 04 14 21
05 06 14 21
07 08 14 21
09 10 14 21
11 12 14 21
01 13 14 21
01 02 15 21
03 04 15 21
05 06 15 21
07 08 15 21
09 10 15 21
11 12 15 21
13 14 15 21
01 02 16 21
03 04 16 21
05 06 16 21
07 08 16 21
09 10 16 21
11 12 16 21
13 14 16 21
01 15 16 21
01 02 17 21
03 04 17 21
05 06 17 21
07 08 17 21
09 10 17 21
11 12 17 21
13 14 17 21
15 16 17 21
01 02 18 21
03 04 18 21
05 06 18 21
07 08 18 21
09 10 18 21
11 12 18 21
13 14 18 21
15 16 18 21
01 17 18 21
01 02 19 21
03 04 19 21
05 06 19 21
07 08 19 21
09 10 19 21
11 12 19 21
13 14 19 21
15 16 19 21
17 18 19 21
01 02 20 21
03 04 20 21
05 06 20 21
07 08 20 21
09 10 20 21
11 12 20 21
13 14 20 21
15 16 20 21
17 18 20 21
01 19 20 21
01 02 03 22
08 09 10 22
01 02 04 22
01 02 05 22
03 04 05 22
06 07 08 22
06 07 09 22
06 07 10 22
01 02 11 22
03 04 11 22
05 06 11 22
07 08 11 22
09 10 11 22
01 02 12 22
03 04 12 22
05 06 12 22
07 08 12 22
09 10 12 22
01 11 12 22
01 02 13 22
03 04 13 22
05 06 13 22
07 08 13 22
09 10 13 22
11 12 13 22
01 02 14 22
03 04 14 22
05 06 14 22
07 08 14 22
09 10 14 22
11 12 14 22
01 13 14 22
01 02 15 22
03 04 15 22
05 06 15 22
07 08 15 22
09 10 15 22
11 12 15 22
13 14 15 22
01 02 16 22
03 04 16 22
05 06 16 22
07 08 16 22
09 10 16 22
11 12 16 22
13 14 16 22
01 15 16 22
01 02 17 22
03 04 17 22
05 06 17 22
07 08 17 22
09 10 17 22
11 12 17 22
13 14 17 22
15 16 17 22
01 02 18 22
03 04 18 22
05 06 18 22
07 08 18 22
09 10 18 22
11 12 18 22
13 14 18 22
15 16 18 22
01 17 18 22
01 02 19 22
03 04 19 22
05 06 19 22
07 08 19 22
09 10 19 22
11 12 19 22
13 14 19 22
15 16 19 22
17 18 19 22
01 02 20 22
03 04 20 22
05 06 20 22
07 08 20 22
09 10 20 22
11 12 20 22
13 14 20 22
15 16 20 22
17 18 20 22
01 19 20 22
01 02 21 22
03 04 21 22
05 06 21 22
07 08 21 22
09 10 21 22
11 12 21 22
13 14 21 22
15 16 21 22
17 18 21 22
19 20 21 22
01 02 03 23
08 09 10 23
01 02 04 23
01 02 05 23
03 04 05 23
06 07 08 23
06 07 09 23
06 07 10 23
01 02 11 23
03 04 11 23
05 06 11 23
07 08 11 23
09 10 11 23
01 02 12 23
03 04 12 23
05 06 12 23
07 08 12 23
09 10 12 23
01 11 12 23
01 02 13 23
03 04 13 23
05 06 13 23
07 08 13 23
09 10 13 23
11 12 13 23
01 02 14 23
03 04 14 23
05 06 14 23
07 08 14 23
09 10 14 23
11 12 14 23
01 13 14 23
01 02 15 23
03 04 15 23
05 06 15 23
07 08 15 23
09 10 15 23
11 12 15 23
13 14 15 23
01 02 16 23
03 04 16 23
05 06 16 23
07 08 16 23
09 10 16 23
11 12 16 23
13 14 16 23
01 15 16 23
01 02 17 23
03 04 17 23
05 06 17 23
07 08 17 23
09 10 17 23
11 12 17 23
13 14 17 23
15 16 17 23
01 02 18 23
03 04 18 23
05 06 18 23
07 08 18 23
09 10 18 23
11 12 18 23
13 14 18 23
15 16 18 23
01 17 18 23
01 02 19 23
03 04 19 23
05 06 19 23
07 08 19 23
09 10 19 23
11 12 19 23
13 14 19 23
15 16 19 23
17 18 19 23
01 02 20 23
03 04 20 23
05 06 20 23
07 08 20 23
09 10 20 23
11 12 20 23
13 14 20 23
15 16 20 23
17 18 20 23
01 19 20 23
01 02 21 23
03 04 21 23
05 06 21 23
07 08 21 23
09 10 21 23
11 12 21 23
13 14 21 23
15 16 21 23
17 18 21 23
19 20 21 23
01 02 22 23
03 04 22 23
05 06 22 23
07 08 22 23
09 10 22 23
11 12 22 23
13 14 22 23
15 16 22 23
17 18 22 23
19 20 22 23
01 21 22 23
