01 02 03 04 05
05 06 07 08 09
01 02 03 04 06
01 02 03 05 06
01 02 07 08 09
01 03 07 08 09
02 03 07 08 09
04 05 06 07 08
04 05 06 07 09
04 05 06 08 09
01 02 03 04 10
06 07 08 09 10
01 02 03 05 10
01 02 03 06 10
01 07 08 09 10
02 07 08 09 10
03 07 08 09 10
04 05 06 07 10
04 05 06 08 10
04 05 06 09 10
01 02 03 04 11
06 07 08 09 11
01 02 03 05 11
01 02 03 06 11
01 07 08 09 11
02 07 08 09 11
03 07 08 09 11
04 05 06 07 11
04 05 06 08 11
04 05 06 09 11
01 02 03 10 11
01 02 04 10 11
01 02 05 10 11
01 06 07 10 11
03 04 05 10 11
06 08 09 10 11
07 08 09 10 11
01 02 03 04 12
06 07 08 09 12
01 02 03 05 12
01 02 03 06 12
01 07 08 09 12
02 07 08 09 12
03 07 08 09 12
04 05 06 07 12
04 05 06 08 12
04 05 06 09 12
01 02 03 10 12
01 02 04 10 12
01 02 05 10 12
01 06 07 10 12
03 04 05 10 12
06 08 09 10 12
07 08 09 10 12
01 02 03 11 12
08 09 10 11 12
01 02 04 11 12
01 02 05 11 12
03 04 05 11 12
06 07 08 11 12
06 07 09 11 12
06 07 10 11 12
01 02 03 04 13
06 07 08 09 13
01 02 03 05 13
01 02 03 06 13
01 07 08 09 13
02 07 08 09 13
03 07 08 09 13
04 05 06 07 13
04 05 06 08 13
04 05 06 09 13
01 02 03 10 13
01 02 04 10 13
01 02 05 10 13
01 06 07 10 13
03 04 05 10 13
06 08 09 10 13
07 08 09 10 13
01 02 03 11 13
08 09 10 11 13
01 02 04 11 13
01 02 05 11 13
03 04 05 11 13
06 07 08 11 13
06 07 09 11 13
06 07 10 11 13
01 02 03 12 13
08 09 10 12 13
01 02 04 12 13
01 02 05 12 13
03 04 05 12 13
06 07 08 12 13
06 07 09 12 13
06 07 10 12 13
01 02 11 12 13
03 04 11 12 13
05 06 11 12 13
07 08 11 12 13
09 10 11 12 13
01 02 03 04 14
06 07 08 09 14
01 02 03 05 14
01 02 03 06 14
01 07 08 09 14
02 07 08 09 14
03 07 08 09 14
04 05 06 07 14
04 05 06 08 14
04 05 06 09 14
01 02 03 10 14
01 02 04 10 14
01 02 05 10 14
01 06 07 10 14
03 04 05 10 14
06 08 09 10 14
07 08 09 10 14
01 02 03 11 14
08 09 10 11 14
01 02 04 11 14
01 02 05 11 14
03 04 05 11 14
06 07 08 11 14
06 07 09 11 14
06 07 10 11 14
01 02 03 12 14
08 09 10 12 14
01 02 04 12 14
01 02 05 12 14
03 04 05 12 14
06 07 08 12 14
06 07 09 12 14
06 07 10 12 14
01 02 11 12 14
03 04 11 12 14
05 06 11 12 14
07 08 11 12 14
09 10 11 12 14
01 02 03 13 14
08 09 10 13 14
01 02 04 13 14
01 02 05 13 14
03 04 05 13 14
06 07 08 13 14
06 07 09 13 14
06 07 10 13 14
01 02 11 13 14
03 04 11 13 14
05 06 11 13 14
07 08 11 13 14
09 10 11 13 14
01 02 12 13 14
03 04 12 13 14
05 06 12 13 14
07 08 12 13 14
09 10 12 13 14
01 11 12 13 14
01 02 03 04 15
06 07 08 09 15
01 02 03 05 15
01 02 03 06 15
01 07 08 09 15
02 07 08 09 15
03 07 08 09 15
04 05 06 07 15
04 05 06 08 15
04 05 06 09 15
01 02 03 10 15
01 02 04 10 15
01 02 05 10 15
01 06 07 10 15
03 04 05 10 15
06 08 09 10 15
07 08 09 10 15
01 02 03 11 15
08 09 10 11 15
01 02 04 11 15
01 02 05 11 15
03 04 05 11 15
06 07 08 11 15
06 07 09 11 15
06 07 10 11 15
01 02 03 12 15
08 09 10 12 15
01 02 04 12 15
01 02 05 12 15
03 04 05 12 15
06 07 08 12 15
06 07 09 12 15
06 07 10 12 15
01 02 11 12 15
03 04 11 12 15
05 06 11 12 15
07 08 11 12 15
09 10 11 12 15
01 02 03 13 15
08 09 10 13 15
01 02 04 13 15
01 02 05 13 15
03 04 05 13 15
06 07 08 13 15
06 07 09 13 15
06 07 10 13 15
01 02 11 13 15
03 04 11 13 15
05 06 11 13 15
07 08 11 13 15
09 10 11 13 15
01 02 12 13 15
03 04 12 13 15
05 06 12 13 15
07 08 12 13 15
09 10 12 13 15
01 11 12 13 15
01 02 03 14 15
08 09 10 14 15
01 02 04 14 15
01 02 05 14 15
03 04 05 14 15
06 07 08 14 15
06 07 09 14 15
06 07 10 14 15
01 02 11 14 15
03 04 11 14 15
05 06 11 14 15
07 08 11 14 15
09 10 11 14 15
01 02 12 14 15
03 04 12 14 15
05 06 12 14 15
07 08 12 14 15
09 10 12 14 15
01 11 12 14 15
01 02 13 14 15
03 04 13 14 15
05 06 13 14 15
07 08 13 14 15
09 10 13 14 15
11 12 13 14 15
01 02 03 04 16
06 07 08 09 16
01 02 03 05 16
01 02 03 06 16
01 07 08 09 16
02 07 08 09 16
03 07 08 09 16
04 05 06 07 16
04 05 06 08 16
04 05 06 09 16
01 02 03 10 16
01 02 04 10 16
01 02 05 10 16
01 06 07 10 16
03 04 05 10 16
06 08 09 10 16
07 08 09 10 16
01 02 03 11 16
08 09 10 11 16
01 02 04 11 16
01 02 05 11 16
03 04 05 11 16
06 07 08 11 16
06 07 09 11 16
06 07 10 11 16
01 02 03 12 16
08 09 10 12 16
01 02 04 12 16
01 02 05 12 16
03 04 05 12 16
06 07 08 12 16
06 07 09 12 16
06 07 10 12 16
01 02 11 12 16
03 04 11 12 16
05 06 11 12 16
07 08 11 12 16
09 10 11 12 16
01 02 03 13 16
08 09 10 13 16
01 02 04 13 16
01 02 05 13 16
03 04 05 13 16
06 07 08 13 16
06 07 09 13 16
06 07 10 13 16
01 02 11 13 16
03 04 11 13 16
05 06 11 13 16
07 08 11 13 16
09 10 11 13 16
01 02 12 13 16
03 04 12 13 16
05 06 12 13 16
07 08 12 13 16
09 10 12 13 16
01 11 12 13 16
01 02 03 14 16
08 09 10 14 16
01 02 04 14 16
01 02 05 14 16
03 04 05 14 16
06 07 08 14 16
06 07 09 14 16
06 07 10 14 16
01 02 11 14 16
03 04 11 14 16
05 06 11 14 16
07 08 11 14 16
09 10 11 14 16
01 02 12 14 16
03 04 12 14 16
05 06 12 14 16
07 08 12 14 16
09 10 12 14 16
01 11 12 14 16
01 02 13 14 16
03 04 13 14 16
05 06 13 14 16
07 08 13 14 16
09 10 13 14 16
11 12 13 14 16
01 02 03 15 16
08 09 10 15 16
01 02 04 15 16
01 02 05 15 16
03 04 05 15 16
06 07 08 15 16
06 07 09 15 16
06 07 10 15 16
01 02 11 15 16
03 04 11 15 16
05 06 11 15 16
07 08 11 15 16
09 10 11 15 16
01 02 12 15 16
03 04 12 15 16
05 06 12 15 16
07 08 12 15 16
09 10 12 15 16
01 11 12 15 16
01 02 13 15 16
03 04 13 15 16
05 06 13 15 16
07 08 13 15 16
09 10 13 15 16
11 12 13 15 16
01 02 14 15 16
03 04 14 15 16
05 06 14 15 16
07 08 14 15 16
09 10 14 15 16
11 12 14 15 16
01 13 14 15 16
01 02 03 04 17
06 07 08 09 17
01 02 03 05 17
01 02 03 06 17
01 07 08 09 17
02 07 08 09 17
03 07 08 09 17
04 05 06 07 17
04 05 06 08 17
04 05 06 09 17
01 02 03 10 17
01 02 04 10 17
01 02 05 10 17
01 06 07 10 17
03 04 05 10 17
06 08 09 10 17
07 08 09 10 17
01 02 03 11 17
08 09 10 11 17
01 02 04 11 17
01 02 05 11 17
03 04 05 11 17
06 07 08 11 17
06 07 09 11 17
06 07 10 11 17
01 02 03 12 17
08 09 10 12 17
01 02 04 12 17
01 02 05 12 17
03 04 05 12 17
06 07 08 12 17
06 07 09 12 17
06 07 10 12 17
01 02 11 12 17
03 04 11 12 17
05 06 11 12 17
07 08 11 12 17
09 10 11 12 17
01 02 03 13 17
08 09 10 13 17
01 02 04 13 17
01 02 05 13 17
03 04 05 13 17
06 07 08 13 17
06 07 09 13 17
06 07 10 13 17
01 02 11 13 17
03 04 11 13 17
05 06 11 13 17
07 08 11 13 17
09 10 11 13 17
01 02 12 13 17
03 04 12 13 17
05 06 12 13 17
07 08 12 13 17
09 10 12 13 17
01 11 12 13 17
01 02 03 14 17
08 09 10 14 17
01 02 04 14 17
01 02 05 14 17
03 04 05 14 17
06 07 08 14 17
06 07 09 14 17
06 07 10 14 17
01 02 11 14 17
03 04 11 14 17
05 06 11 14 17
07 08 11 14 17
09 10 11 14 17
01 02 12 14 17
03 04 12 14 17
05 06 12 14 17
07 08 12 14 17
09 10 12 14 17
01 11 12 14 17
01 02 13 14 17
03 04 13 14 17
05 06 13 14 17
07 08 13 14 17
09 10 13 14 17
11 12 13 14 17
01 02 03 15 17
08 09 10 15 17
01 02 04 15 17
01 02 05 15 17
03 04 05 15 17
06 07 08 15 17
06 07 09 15 17
06 07 10 15 17
01 02 11 15 17
03 04 11 15 17
05 06 11 15 17
07 08 11 15 17
09 10 11 15 17
01 02 12 15 17
03 04 12 15 17
05 06 12 15 17
07 08 12 15 17
09 10 12 15 17
01 11 12 15 17
01 02 13 15 17
03 04 13 15 17
05 06 13 15 17
07 08 13 15 17
09 10 13 15 17
11 12 13 15 17
01 02 14 15 17
03 04 14 15 17
05 06 14 15 17
07 08 14 15 17
09 10 14 15 17
11 12 14 15 17
01 13 14 15 17
01 02 03 16 17
08 09 10 16 17
01 02 04 16 17
01 02 05 16 17
03 04 05 16 17
06 07 08 16 17
06 07 09 16 17
06 07 10 16 17
01 02 11 16 17
03 04 11 16 17
05 06 11 16 17
07 08 11 16 17
09 10 11 16 17
01 02 12 16 17
03 04 12 16 17
05 06 12 16 17
07 08 12 16 17
09 10 12 16 17
01 11 12 16 17
01 02 13 16 17
03 04 13 16 17
05 06 13 16 17
07 08 13 16 17
09 10 13 16 17
11 12 13 16 17
01 02 14 16 17
03 04 14 16 17
05 06 14 16 17
07 08 14 16 17
09 10 14 16 17
11 12 14 16 17
01 13 14 16 17
01 02 15 16 17
03 04 15 16 17
05 06 15 16 17
07 08 15 16 17
09 10 15 16 17
11 12 15 16 17
13 14 15 16 17
01 02 03 04 18
06 07 08 09 18
01 02 03 05 18
01 02 03 06 18
01 07 08 09 18
02 07 08 09 18
03 07 08 09 18
04 05 06 07 18
04 05 06 08 18
04 05 06 09 18
01 02 03 10 18
01 02 04 10 18
01 02 05 10 18
01 06 07 10 18
03 04 05 10 18
06 08 09 10 18
07 08 09 10 18
01 02 03 11 18
08 09 10 11 18
01 02 04 11 18
01 02 05 11 18
03 04 05 11 18
06 07 08 11 18
06 07 09 11 18
06 07 10 11 18
01 02 03 12 18
08 09 10 12 18
01 02 04 12 18
01 02 05 12 18
03 04 05 12 18
06 07 08 12 18
06 07 09 12 18
06 07 10 12 18
01 02 11 12 18
03 04 11 12 18
05 06 11 12 18
07 08 11 12 18
09 10 11 12 18
01 02 03 13 18
08 09 10 13 18
01 02 04 13 18
01 02 05 13 18
03 04 05 13 18
06 07 08 13 18
06 07 09 13 18
06 07 10 13 18
01 02 11 13 18
03 04 11 13 18
05 06 11 13 18
07 08 11 13 18
09 10 11 13 18
01 02 12 13 18
03 04 12 13 18
05 06 12 13 18
07 08 12 13 18
09 10 12 13 18
01 11 12 13 18
01 02 03 14 18
08 09 10 14 18
01 02 04 14 18
01 02 05 14 18
03 04 05 14 18
06 07 08 14 18
06 07 09 14 18
06 07 10 14 18
01 02 11 14 18
03 04 11 14 18
05 06 11 14 18
07 08 11 14 18
09 10 11 14 18
01 02 12 14 18
03 04 12 14 18
05 06 12 14 18
07 08 12 14 18
09 10 12 14 18
01 11 12 14 18
01 02 13 14 18
03 04 13 14 18
05 06 13 14 18
07 08 13 14 18
09 10 13 14 18
11 12 13 14 18
01 02 03 15 18
08 09 10 15 18
01 02 04 15 18
01 02 05 15 18
03 04 05 15 18
06 07 08 15 18
06 07 09 15 18
06 07 10 15 18
01 02 11 15 18
03 04 11 15 18
05 06 11 15 18
07 08 11 15 18
09 10 11 15 18
01 02 12 15 18
03 04 12 15 18
05 06 12 15 18
07 08 12 15 18
09 10 12 15 18
01 11 12 15 18
01 02 13 15 18
03 04 13 15 18
05 06 13 15 18
07 08 13 15 18
09 10 13 15 18
11 12 13 15 18
01 02 14 15 18
03 04 14 15 18
05 06 14 15 18
07 08 14 15 18
09 10 14 15 18
11 12 14 15 18
01 13 14 15 18
01 02 03 16 18
08 09 10 16 18
01 02 04 16 18
01 02 05 16 18
03 04 05 16 18
06 07 08 16 18
06 07 09 16 18
06 07 10 16 18
01 02 11 16 18
03 04 11 16 18
05 06 11 16 18
07 08 11 16 18
09 10 11 16 18
01 02 12 16 18
03 04 12 16 18
05 06 12 16 18
07 08 12 16 18
09 10 12 16 18
01 11 12 16 18
01 02 13 16 18
03 04 13 16 18
05 06 13 16 18
07 08 13 16 18
09 10 13 16 18
11 12 13 16 18
01 02 14 16 18
03 04 14 16 18
05 06 14 16 18
07 08 14 16 18
09 10 14 16 18
11 12 14 16 18
01 13 14 16 18
01 02 15 16 18
03 04 15 16 18
05 06 15 16 18
07 08 15 16 18
09 10 15 16 18
11 12 15 16 18
13 14 15 16 18
01 02 03 17 18
08 09 10 17 18
01 02 04 17 18
01 02 05 17 18
03 04 05 17 18
06 07 08 17 18
06 07 09 17 18
06 07 10 17 18
01 02 11 17 18
03 04 11 17 18
05 06 11 17 18
07 08 11 17 18
09 10 11 17 18
01 02 12 17 18
03 04 12 17 18
05 06 12 17 18
07 08 12 17 18
09 10 12 17 18
01 11 12 17 18
01 02 13 17 18
03 04 13 17 18
05 06 13 17 18
07 08 13 17 18
09 10 13 17 18
11 12 13 17 18
01 02 14 17 18
03 04 14 17 18
05 06 14 17 18
07 08 14 17 18
09 10 14 17 18
11 12 14 17 18
01 13 14 17 18
01 02 15 17 18
03 04 15 17 18
05 06 15 17 18
07 08 15 17 18
09 10 15 17 18
11 12 15 17 18
13 14 15 17 18
01 02 16 17 18
03 04 16 17 18
05 06 16 17 18
07 08 16 17 18
09 10 16 17 18
11 12 16 17 18
13 14 16 17 18
01 15 16 17 18
01 02 03 04 19
06 07 08 09 19
01 02 03 05 19
01 02 03 06 19
01 07 08 09 19
02 07 08 09 19
03 07 08 09 19
04 05 06 07 19
04 05 06 08 19
04 05 06 09 19
01 02 03 10 19
01 02 04 10 19
01 02 05 10 19
01 06 07 10 19
03 04 05 10 19
06 08 09 10 19
07 08 09 10 19
01 02 03 11 19
08 09 10 11 19
01 02 04 11 19
01 02 05 11 19
03 04 05 11 19
06 07 08 11 19
06 07 09 11 19
06 07 10 11 19
01 02 03 12 19
08 09 10 12 19
01 02 04 12 19
01 02 05 12 19
03 04 05 12 19
06 07 08 12 19
06 07 09 12 19
06 07 10 12 19
01 02 11 12 19
03 04 11 12 19
05 06 11 12 19
07 08 11 12 19
09 10 11 12 19
01 02 03 13 19
08 09 10 13 19
01 02 04 13 19
01 02 05 13 19
03 04 05 13 19
06 07 08 13 19
06 07 09 13 19
06 07 10 13 19
01 02 11 13 19
03 04 11 13 19
05 06 11 13 19
07 08 11 13 19
09 10 11 13 19
01 02 12 13 19
03 04 12 13 19
05 06 12 13 19
07 08 12 13 19
09 10 12 13 19
01 11 12 13 19
01 02 03 14 19
08 09 10 14 19
01 02 04 14 19
01 02 05 14 19
03 04 05 14 19
06 07 08 14 19
06 07 09 14 19
06 07 10 14 19
01 02 11 14 19
03 04 11 14 19
05 06 11 14 19
07 08 11 14 19
09 10 11 14 19
01 02 12 14 19
03 04 12 14 19
05 06 12 14 19
07 08 12 14 19
09 10 12 14 19
01 11 12 14 19
01 02 13 14 19
03 04 13 14 19
05 06 13 14 19
07 08 13 14 19
09 10 13 14 19
11 12 13 14 19
01 02 03 15 19
08 09 10 15 19
01 02 04 15 19
01 02 05 15 19
03 04 05 15 19
06 07 08 15 19
06 07 09 15 19
06 07 10 15 19
01 02 11 15 19
03 04 11 15 19
05 06 11 15 19
07 08 11 15 19
09 10 11 15 19
01 02 12 15 19
03 04 12 15 19
05 06 12 15 19
07 08 12 15 19
09 10 12 15 19
01 11 12 15 19
01 02 13 15 19
03 04 13 15 19
05 06 13 15 19
07 08 13 15 19
09 10 13 15 19
11 12 13 15 19
01 02 14 15 19
03 04 14 15 19
05 06 14 15 19
07 08 14 15 19
09 10 14 15 19
11 12 14 15 19
01 13 14 15 19
01 02 03 16 19
08 09 10 16 19
01 02 04 16 19
01 02 05 16 19
03 04 05 16 19
06 07 08 16 19
06 07 09 16 19
06 07 10 16 19
01 02 11 16 19
03 04 11 16 19
05 06 11 16 19
07 08 11 16 19
09 10 11 16 19
01 02 12 16 19
03 04 12 16 19
05 06 12 16 19
07 08 12 16 19
09 10 12 16 19
01 11 12 16 19
01 02 13 16 19
03 04 13 16 19
05 06 13 16 19
07 08 13 16 19
09 10 13 16 19
11 12 13 16 19
01 02 14 16 19
03 04 14 16 19
05 06 14 16 19
07 08 14 16 19
09 10 14 16 19
11 12 14 16 19
01 13 14 16 19
01 02 15 16 19
03 04 15 16 19
05 06 15 16 19
07 08 15 16 19
09 10 15 16 19
11 12 15 16 19
13 14 15 16 19
01 02 03 17 19
08 09 10 17 19
01 02 04 17 19
01 02 05 17 19
03 04 05 17 19
06 07 08 17 19
06 07 09 17 19
06 07 10 17 19
01 02 11 17 19
03 04 11 17 19
05 06 11 17 19
07 08 11 17 19
09 10 11 17 19
01 02 12 17 19
03 04 12 17 19
05 06 12 17 19
07 08 12 17 19
09 10 12 17 19
01 11 12 17 19
01 02 13 17 19
03 04 13 17 19
05 06 13 17 19
07 08 13 17 19
09 10 13 17 19
11 12 13 17 19
01 02 14 17 19
03 04 14 17 19
05 06 14 17 19
07 08 14 17 19
09 10 14 17 19
11 12 14 17 19
01 13 14 17 19
01 02 15 17 19
03 04 15 17 19
05 06 15 17 19
07 08 15 17 19
09 10 15 17 19
11 12 15 17 19
13 14 15 17 19
01 02 16 17 19
03 04 16 17 19
05 06 16 17 19
07 08 16 17 19
09 10 16 17 19
11 12 16 17 19
13 14 16 17 19
01 15 16 17 19
01 02 03 18 19
08 09 10 18 19
01 02 04 18 19
01 02 05 18 19
03 04 05 18 19
06 07 08 18 19
06 07 09 18 19
06 07 10 18 19
01 02 11 18 19
03 04 11 18 19
05 06 11 18 19
07 08 11 18 19
09 10 11 18 19
01 02 12 18 19
03 04 12 18 19
05 06 12 18 19
07 08 12 18 19
09 10 12 18 19
01 11 12 18 19
01 02 13 18 19
03 04 13 18 19
05 06 13 18 19
07 08 13 18 19
09 10 13 18 19
11 12 13 18 19
01 02 14 18 19
03 04 14 18 19
05 06 14 18 19
07 08 14 18 19
09 10 14 18 19
11 12 14 18 19
01 13 14 18 19
01 02 15 18 19
03 04 15 18 19
05 06 15 18 19
07 08 15 18 19
09 10 15 18 19
11 12 15 18 19
13 14 15 18 19
01 02 16 18 19
03 04 16 18 19
05 06 16 18 19
07 08 16 18 19
09 10 16 18 19
11 12 16 18 19
13 14 16 18 19
01 15 16 18 19
01 02 17 18 19
03 04 17 18 19
05 06 17 18 19
07 08 17 18 19
09 10 17 18 19
11 12 17 18 19
13 14 17 18 19
15 16 17 18 19
01 02 03 04 20
06 07 08 09 20
01 02 03 05 20
01 02 03 06 20
01 07 08 09 20
02 07 08 09 20
03 07 08 09 20
04 05 06 07 20
04 05 06 08 20
04 05 06 09 20
01 02 03 10 20
01 02 04 10 20
01 02 05 10 20
01 06 07 10 20
03 04 05 10 20
06 08 09 10 20
07 08 09 10 20
01 02 03 11 20
08 09 10 11 20
01 02 04 11 20
01 02 05 11 20
03 04 05 11 20
06 07 08 11 20
06 07 09 11 20
06 07 10 11 20
01 02 03 12 20
08 09 10 12 20
01 02 04 12 20
01 02 05 12 20
03 04 05 12 20
06 07 08 12 20
06 07 09 12 20
06 07 10 12 20
01 02 11 12 20
03 04 11 12 20
05 06 11 12 20
07 08 11 12 20
09 10 11 12 20
01 02 03 13 20
08 09 10 13 20
01 02 04 13 20
01 02 05 13 20
03 04 05 13 20
06 07 08 13 20
06 07 09 13 20
06 07 10 13 20
01 02 11 13 20
03 04 11 13 20
05 06 11 13 20
07 08 11 13 20
09 10 11 13 20
01 02 12 13 20
03 04 12 13 20
05 06 12 13 20
07 08 12 13 20
09 10 12 13 20
01 11 12 13 20
01 02 03 14 20
08 09 10 14 20
01 02 04 14 20
01 02 05 14 20
03 04 05 14 20
06 07 08 14 20
06 07 09 14 20
06 07 10 14 20
01 02 11 14 20
03 04 11 14 20
05 06 11 14 20
07 08 11 14 20
09 10 11 14 20
01 02 12 14 20
03 04 12 14 20
05 06 12 14 20
07 08 12 14 20
09 10 12 14 20
01 11 12 14 20
01 02 13 14 20
03 04 13 14 20
05 06 13 14 20
07 08 13 14 20
09 10 13 14 20
11 12 13 14 20
01 02 03 15 20
08 09 10 15 20
01 02 04 15 20
01 02 05 15 20
03 04 05 15 20
06 07 08 15 20
06 07 09 15 20
06 07 10 15 20
01 02 11 15 20
03 04 11 15 20
05 06 11 15 20
07 08 11 15 20
09 10 11 15 20
01 02 12 15 20
03 04 12 15 20
05 06 12 15 20
07 08 12 15 20
09 10 12 15 20
01 11 12 15 20
01 02 13 15 20
03 04 13 15 20
05 06 13 15 20
07 08 13 15 20
09 10 13 15 20
11 12 13 15 20
01 02 14 15 20
03 04 14 15 20
05 06 14 15 20
07 08 14 15 20
09 10 14 15 20
11 12 14 15 20
01 13 14 15 20
01 02 03 16 20
08 09 10 16 20
01 02 04 16 20
01 02 05 16 20
03 04 05 16 20
06 07 08 16 20
06 07 09 16 20
06 07 10 16 20
01 02 11 16 20
03 04 11 16 20
05 06 11 16 20
07 08 11 16 20
09 10 11 16 20
01 02 12 16 20
03 04 12 16 20
05 06 12 16 20
07 08 12 16 20
09 10 12 16 20
01 11 12 16 20
01 02 13 16 20
03 04 13 16 20
05 06 13 16 20
07 08 13 16 20
09 10 13 16 20
11 12 13 16 20
01 02 14 16 20
03 04 14 16 20
05 06 14 16 20
07 08 14 16 20
09 10 14 16 20
11 12 14 16 20
01 13 14 16 20
01 02 15 16 20
03 04 15 16 20
05 06 15 16 20
07 08 15 16 20
09 10 15 16 20
11 12 15 16 20
13 14 15 16 20
01 02 03 17 20
08 09 10 17 20
01 02 04 17 20
01 02 05 17 20
03 04 05 17 20
06 07 08 17 20
06 07 09 17 20
06 07 10 17 20
01 02 11 17 20
03 04 11 17 20
05 06 11 17 20
07 08 11 17 20
09 10 11 17 20
01 02 12 17 20
03 04 12 17 20
05 06 12 17 20
07 08 12 17 20
09 10 12 17 20
01 11 12 17 20
01 02 13 17 20
03 04 13 17 20
05 06 13 17 20
07 08 13 17 20
09 10 13 17 20
11 12 13 17 20
01 02 14 17 20
03 04 14 17 20
05 06 14 17 20
07 08 14 17 20
09 10 14 17 20
11 12 14 17 20
01 13 14 17 20
01 02 15 17 20
03 04 15 17 20
05 06 15 17 20
07 08 15 17 20
09 10 15 17 20
11 12 15 17 20
13 14 15 17 20
01 02 16 17 20
03 04 16 17 20
05 06 16 17 20
07 08 16 17 20
09 10 16 17 20
11 12 16 17 20
13 14 16 17 20
01 15 16 17 20
01 02 03 18 20
08 09 10 18 20
01 02 04 18 20
01 02 05 18 20
03 04 05 18 20
06 07 08 18 20
06 07 09 18 20
06 07 10 18 20
01 02 11 18 20
03 04 11 18 20
05 06 11 18 20
07 08 11 18 20
09 10 11 18 20
01 02 12 18 20
03 04 12 18 20
05 06 12 18 20
07 08 12 18 20
09 10 12 18 20
01 11 12 18 20
01 02 13 18 20
03 04 13 18 20
05 06 13 18 20
07 08 13 18 20
09 10 13 18 20
11 12 13 18 20
01 02 14 18 20
03 04 14 18 20
05 06 14 18 20
07 08 14 18 20
09 10 14 18 20
11 12 14 18 20
01 13 14 18 20
01 02 15 18 20
03 04 15 18 20
05 06 15 18 20
07 08 15 18 20
09 10 15 18 20
11 12 15 18 20
13 14 15 18 20
01 02 16 18 20
03 04 16 18 20
05 06 16 18 20
07 08 16 18 20
09 10 16 18 20
11 12 16 18 20
13 14 16 18 20
01 15 16 18 20
01 02 17 18 20
03 04 17 18 20
05 06 17 18 20
07 08 17 18 20
09 10 17 18 20
11 12 17 18 20
13 14 17 18 20
15 16 17 18 20
01 02 03 19 20
08 09 10 19 20
01 02 04 19 20
01 02 05 19 20
03 04 05 19 20
06 07 08 19 20
06 07 09 19 20
06 07 10 19 20
01 02 11 19 20
03 04 11 19 20
05 06 11 19 20
07 08 11 19 20
09 10 11 19 20
01 02 12 19 20
03 04 12 19 20
05 06 12 19 20
07 08 12 19 20
09 10 12 19 20
01 11 12 19 20
01 02 13 19 20
03 04 13 19 20
05 06 13 19 20
07 08 13 19 20
09 10 13 19 20
11 12 13 19 20
01 02 14 19 20
03 04 14 19 20
05 06 14 19 20
07 08 14 19 20
09 10 14 19 20
11 12 14 19 20
01 13 14 19 20
01 02 15 19 20
03 04 15 19 20
05 06 15 19 20
07 08 15 19 20
09 10 15 19 20
11 12 15 19 20
13 14 15 19 20
01 02 16 19 20
03 04 16 19 20
05 06 16 19 20
07 08 16 19 20
09 10 16 19 20
11 12 16 19 20
13 14 16 19 20
01 15 16 19 20
01 02 17 19 20
03 04 17 19 20
05 06 17 19 20
07 08 17 19 20
09 10 17 19 20
11 12 17 19 20
13 14 17 19 20
15 16 17 19 20
01 02 18 19 20
03 04 18 19 20
05 06 18 19 20
07 08 18 19 20
09 10 18 19 20
11 12 18 19 20
13 14 18 19 20
15 16 18 19 20
01 17 18 19 20
01 02 03 04 21
06 07 08 09 21
01 02 03 05 21
01 02 03 06 21
01 07 08 09 21
02 07 08 09 21
03 07 08 09 21
04 05 06 07 21
04 05 06 08 21
04 05 06 09 21
01 02 03 10 21
01 02 04 10 21
01 02 05 10 21
01 06 07 10 21
03 04 05 10 21
06 08 09 10 21
07 08 09 10 21
01 02 03 11 21
08 09 10 11 21
01 02 04 11 21
01 02 05 11 21
03 04 05 11 21
06 07 08 11 21
06 07 09 11 21
06 07 10 11 21
01 02 03 12 21
08 09 10 12 21
01 02 04 12 21
01 02 05 12 21
03 04 05 12 21
06 07 08 12 21
06 07 09 12 21
06 07 10 12 21
01 02 11 12 21
03 04 11 12 21
05 06 11 12 21
07 08 11 12 21
09 10 11 12 21
01 02 03 13 21
08 09 10 13 21
01 02 04 13 21
01 02 05 13 21
03 04 05 13 21
06 07 08 13 21
06 07 09 13 21
06 07 10 13 21
01 02 11 13 21
03 04 11 13 21
05 06 11 13 21
07 08 11 13 21
09 10 11 13 21
01 02 12 13 21
03 04 12 13 21
05 06 12 13 21
07 08 12 13 21
09 10 12 13 21
01 11 12 13 21
01 02 03 14 21
08 09 10 14 21
01 02 04 14 21
01 02 05 14 21
03 04 05 14 21
06 07 08 14 21
06 07 09 14 21
06 07 10 14 21
01 02 11 14 21
03 04 11 14 21
05 06 11 14 21
07 08 11 14 21
09 10 11 14 21
01 02 12 14 21
03 04 12 14 21
05 06 12 14 21
07 08 12 14 21
09 10 12 14 21
01 11 12 14 21
01 02 13 14 21
03 04 13 14 21
05 06 13 14 21
07 08 13 14 21
09 10 13 14 21
11 12 13 14 21
01 02 03 15 21
08 09 10 15 21
01 02 04 15 21
01 02 05 15 21
03 04 05 15 21
06 07 08 15 21
06 07 09 15 21
06 07 10 15 21
01 02 11 15 21
03 04 11 15 21
05 06 11 15 21
07 08 11 15 21
09 10 11 15 21
01 02 12 15 21
03 04 12 15 21
05 06 12 15 21
07 08 12 15 21
09 10 12 15 21
01 11 12 15 21
01 02 13 15 21
03 04 13 15 21
05 06 13 15 21
07 08 13 15 21
09 10 13 15 21
11 12 13 15 21
01 02 14 15 21
03 04 14 15 21
05 06 14 15 21
07 08 14 15 21
09 10 14 15 21
11 12 14 15 21
01 13 14 15 21
01 02 03 16 21
08 09 10 16 21
01 02 04 16 21
01 02 05 16 21
03 04 05 16 21
06 07 08 16 21
06 07 09 16 21
06 07 10 16 21
01 02 11 16 21
03 04 11 16 21
05 06 11 16 21
07 08 11 16 21
09 10 11 16 21
01 02 12 16 21
03 04 12 16 21
05 06 12 16 21
07 08 12 16 21
09 10 12 16 21
01 11 12 16 21
01 02 13 16 21
03 04 13 16 21
05 06 13 16 21
07 08 13 16 21
09 10 13 16 21
11 12 13 16 21
01 02 14 16 21
03 04 14 16 21
05 06 14 16 21
07 08 14 16 21
09 10 14 16 21
11 12 14 16 21
01 13 14 16 21
01 02 15 16 21
03 04 15 16 21
05 06 15 16 21
07 08 15 16 21
09 10 15 16 21
11 12 15 16 21
13 14 15 16 21
01 02 03 17 21
08 09 10 17 21
01 02 04 17 21
01 02 05 17 21
03 04 05 17 21
06 07 08 17 21
06 07 09 17 21
06 07 10 17 21
01 02 11 17 21
03 04 11 17 21
05 06 11 17 21
07 08 11 17 21
09 10 11 17 21
01 02 12 17 21
03 04 12 17 21
05 06 12 17 21
07 08 12 17 21
09 10 12 17 21
01 11 12 17 21
01 02 13 17 21
03 04 13 17 21
05 06 13 17 21
07 08 13 17 21
09 10 13 17 21
11 12 13 17 21
01 02 14 17 21
03 04 14 17 21
05 06 14 17 21
07 08 14 17 21
09 10 14 17 21
11 12 14 17 21
01 13 14 17 21
01 02 15 17 21
03 04 15 17 21
05 06 15 17 21
07 08 15 17 21
09 10 15 17 21
11 12 15 17 21
13 14 15 17 21
01 02 16 17 21
03 04 16 17 21
05 06 16 17 21
07 08 16 17 21
09 10 16 17 21
11 12 16 17 21
13 14 16 17 21
01 15 16 17 21
01 02 03 18 21
08 09 10 18 21
01 02 04 18 21
01 02 05 18 21
03 04 05 18 21
06 07 08 18 21
06 07 09 18 21
06 07 10 18 21
01 02 11 18 21
03 04 11 18 21
05 06 11 18 21
07 08 11 18 21
09 10 11 18 21
01 02 12 18 21
03 04 12 18 21
05 06 12 18 21
07 08 12 18 21
09 10 12 18 21
01 11 12 18 21
01 02 13 18 21
03 04 13 18 21
05 06 13 18 21
07 08 13 18 21
09 10 13 18 21
11 12 13 18 21
01 02 14 18 21
03 04 14 18 21
05 06 14 18 21
07 08 14 18 21
09 10 14 18 21
11 12 14 18 21
01 13 14 18 21
01 02 15 18 21
03 04 15 18 21
05 06 15 18 21
07 08 15 18 21
09 10 15 18 21
11 12 15 18 21
13 14 15 18 21
01 02 16 18 21
03 04 16 18 21
05 06 16 18 21
07 08 16 18 21
09 10 16 18 21
11 12 16 18 21
13 14 16 18 21
01 15 16 18 21
01 02 17 18 21
03 04 17 18 21
05 06 17 18 21
07 08 17 18 21
09 10 17 18 21
11 12 17 18 21
13 14 17 18 21
15 16 17 18 21
01 02 03 19 21
08 09 10 19 21
01 02 04 19 21
01 02 05 19 21
03 04 05 19 21
06 07 08 19 21
06 07 09 19 21
06 07 10 19 21
01 02 11 19 21
03 04 11 19 21
05 06 11 19 21
07 08 11 19 21
09 10 11 19 21
01 02 12 19 21
03 04 12 19 21
05 06 12 19 21
07 08 12 19 21
09 10 12 19 21
01 11 12 19 21
01 02 13 19 21
03 04 13 19 21
05 06 13 19 21
07 08 13 19 21
09 10 13 19 21
11 12 13 19 21
01 02 14 19 21
03 04 14 19 21
05 06 14 19 21
07 08 14 19 21
09 10 14 19 21
11 12 14 19 21
01 13 14 19 21
01 02 15 19 21
03 04 15 19 21
05 06 15 19 21
07 08 15 19 21
09 10 15 19 21
11 12 15 19 21
13 14 15 19 21
01 02 16 19 21
03 04 16 19 21
05 06 16 19 21
07 08 16 19 21
09 10 16 19 21
11 12 16 19 21
13 14 16 19 21
01 15 16 19 21
01 02 17 19 21
03 04 17 19 21
05 06 17 19 21
07 08 17 19 21
09 10 17 19 21
11 12 17 19 21
13 14 17 19 21
15 16 17 19 21
01 02 18 19 21
03 04 18 19 21
05 06 18 19 21
07 08 18 19 21
09 10 18 19 21
11 12 18 19 21
13 14 18 19 21
15 16 18 19 21
01 17 18 19 21
01 02 03 20 21
08 09 10 20 21
01 02 04 20 21
01 02 05 20 21
03 04 05 20 21
06 07 08 20 21
06 07 09 20 21
06 07 10 20 21
01 02 11 20 21
03 04 11 20 21
05 06 11 20 21
07 08 11 20 21
09 10 11 20 21
01 02 12 20 21
03 04 12 20 21
05 06 12 20 21
07 08 12 20 21
09 10 12 20 21
01 11 12 20 21
01 02 13 20 21
03 04 13 20 21
05 06 13 20 21
07 08 13 20 21
09 10 13 20 21
11 12 13 20 21
01 02 14 20 21
03 04 14 20 21
05 06 14 20 21
07 08 14 20 21
09 10 14 20 21
11 12 14 20 21
01 13 14 20 21
01 02 15 20 21
03 04 15 20 21
05 06 15 20 21
07 08 15 20 21
09 10 15 20 21
11 12 15 20 21
13 14 15 20 21
01 02 16 20 21
03 04 16 20 21
05 06 16 20 21
07 08 16 20 21
09 10 16 20 21
11 12 16 20 21
13 14 16 20 21
01 15 16 20 21
01 02 17 20 21
03 04 17 20 21
05 06 17 20 21
07 08 17 20 21
09 10 17 20 21
11 12 17 20 21
13 14 17 20 21
15 16 17 20 21
01 02 18 20 21
03 04 18 20 21
05 06 18 20 21
07 08 18 20 21
09 10 18 20 21
11 12 18 20 21
13 14 18 20 21
15 16 18 20 21
01 17 18 20 21
01 02 19 20 21
03 04 19 20 21
05 06 19 20 21
07 08 19 20 21
09 10 19 20 21
11 12 19 20 21
13 14 19 20 21
15 16 19 20 21
17 18 19 20 21
01 02 03 04 22
06 07 08 09 22
01 02 03 05 22
01 02 03 06 22
01 07 08 09 22
02 07 08 09 22
03 07 08 09 22
04 05 06 07 22
04 05 06 08 22
04 05 06 09 22
01 02 03 10 22
01 02 04 10 22
01 02 05 10 22
01 06 07 10 22
03 04 05 10 22
06 08 09 10 22
07 08 09 10 22
01 02 03 11 22
08 09 10 11 22
01 02 04 11 22
01 02 05 11 22
03 04 05 11 22
06 07 08 11 22
06 07 09 11 22
06 07 10 11 22
01 02 03 12 22
08 09 10 12 22
01 02 04 12 22
01 02 05 12 22
03 04 05 12 22
06 07 08 12 22
06 07 09 12 22
06 07 10 12 22
01 02 11 12 22
03 04 11 12 22
05 06 11 12 22
07 08 11 12 22
09 10 11 12 22
01 02 03 13 22
08 09 10 13 22
01 02 04 13 22
01 02 05 13 22
03 04 05 13 22
06 07 08 13 22
06 07 09 13 22
06 07 10 13 22
01 02 11 13 22
03 04 11 13 22
05 06 11 13 22
07 08 11 13 22
09 10 11 13 22
01 02 12 13 22
03 04 12 13 22
05 06 12 13 22
07 08 12 13 22
09 10 12 13 22
01 11 12 13 22
01 02 03 14 22
08 09 10 14 22
01 02 04 14 22
01 02 05 14 22
03 04 05 14 22
06 07 08 14 22
06 07 09 14 22
06 07 10 14 22
01 02 11 14 22
03 04 11 14 22
05 06 11 14 22
07 08 11 14 22
09 10 11 14 22
01 02 12 14 22
03 04 12 14 22
05 06 12 14 22
07 08 12 14 22
09 10 12 14 22
01 11 12 14 22
01 02 13 14 22
03 04 13 14 22
05 06 13 14 22
07 08 13 14 22
09 10 13 14 22
11 12 13 14 22
01 02 03 15 22
08 09 10 15 22
01 02 04 15 22
01 02 05 15 22
03 04 05 15 22
06 07 08 15 22
06 07 09 15 22
06 07 10 15 22
01 02 11 15 22
03 04 11 15 22
05 06 11 15 22
07 08 11 15 22
09 10 11 15 22
01 02 12 15 22
03 04 12 15 22
05 06 12 15 22
07 08 12 15 22
09 10 12 15 22
01 11 12 15 22
01 02 13 15 22
03 04 13 15 22
05 06 13 15 22
07 08 13 15 22
09 10 13 15 22
11 12 13 15 22
01 02 14 15 22
03 04 14 15 22
05 06 14 15 22
07 08 14 15 22
09 10 14 15 22
11 12 14 15 22
01 13 14 15 22
01 02 03 16 22
08 09 10 16 22
01 02 04 16 22
01 02 05 16 22
03 04 05 16 22
06 07 08 16 22
06 07 09 16 22
06 07 10 16 22
01 02 11 16 22
03 04 11 16 22
05 06 11 16 22
07 08 11 16 22
09 10 11 16 22
01 02 12 16 22
03 04 12 16 22
05 06 12 16 22
07 08 12 16 22
09 10 12 16 22
01 11 12 16 22
01 02 13 16 22
03 04 13 16 22
05 06 13 16 22
07 08 13 16 22
09 10 13 16 22
11 12 13 16 22
01 02 14 16 22
03 04 14 16 22
05 06 14 16 22
07 08 14 16 22
09 10 14 16 22
11 12 14 16 22
01 13 14 16 22
01 02 15 16 22
03 04 15 16 22
05 06 15 16 22
07 08 15 16 22
09 10 15 16 22
11 12 15 16 22
13 14 15 16 22
01 02 03 17 22
08 09 10 17 22
01 02 04 17 22
01 02 05 17 22
03 04 05 17 22
06 07 08 17 22
06 07 09 17 22
06 07 10 17 22
01 02 11 17 22
03 04 11 17 22
05 06 11 17 22
07 08 11 17 22
09 10 11 17 22
01 02 12 17 22
03 04 12 17 22
05 06 12 17 22
07 08 12 17 22
09 10 12 17 22
01 11 12 17 22
01 02 13 17 22
03 04 13 17 22
05 06 13 17 22
07 08 13 17 22
09 10 13 17 22
11 12 13 17 22
01 02 14 17 22
03 04 14 17 22
05 06 14 17 22
07 08 14 17 22
09 10 14 17 22
11 12 14 17 22
01 13 14 17 22
01 02 15 17 22
03 04 15 17 22
05 06 15 17 22
07 08 15 17 22
09 10 15 17 22
11 12 15 17 22
13 14 15 17 22
01 02 16 17 22
03 04 16 17 22
05 06 16 17 22
07 08 16 17 22
09 10 16 17 22
11 12 16 17 22
13 14 16 17 22
01 15 16 17 22
01 02 03 18 22
08 09 10 18 22
01 02 04 18 22
01 02 05 18 22
03 04 05 18 22
06 07 08 18 22
06 07 09 18 22
06 07 10 18 22
01 02 11 18 22
03 04 11 18 22
05 06 11 18 22
07 08 11 18 22
09 10 11 18 22
01 02 12 18 22
03 04 12 18 22
05 06 12 18 22
07 08 12 18 22
09 10 12 18 22
01 11 12 18 22
01 02 13 18 22
03 04 13 18 22
05 06 13 18 22
07 08 13 18 22
09 10 13 18 22
11 12 13 18 22
01 02 14 18 22
03 04 14 18 22
05 06 14 18 22
07 08 14 18 22
09 10 14 18 22
11 12 14 18 22
01 13 14 18 22
01 02 15 18 22
03 04 15 18 22
05 06 15 18 22
07 08 15 18 22
09 10 15 18 22
11 12 15 18 22
13 14 15 18 22
01 02 16 18 22
03 04 16 18 22
05 06 16 18 22
07 08 16 18 22
09 10 16 18 22
11 12 16 18 22
13 14 16 18 22
01 15 16 18 22
01 02 17 18 22
03 04 17 18 22
05 06 17 18 22
07 08 17 18 22
09 10 17 18 22
11 12 17 18 22
13 14 17 18 22
15 16 17 18 22
01 02 03 19 22
08 09 10 19 22
01 02 04 19 22
01 02 05 19 22
03 04 05 19 22
06 07 08 19 22
06 07 09 19 22
06 07 10 19 22
01 02 11 19 22
03 04 11 19 22
05 06 11 19 22
07 08 11 19 22
09 10 11 19 22
01 02 12 19 22
03 04 12 19 22
05 06 12 19 22
07 08 12 19 22
09 10 12 19 22
01 11 12 19 22
01 02 13 19 22
03 04 13 19 22
05 06 13 19 22
07 08 13 19 22
09 10 13 19 22
11 12 13 19 22
01 02 14 19 22
03 04 14 19 22
05 06 14 19 22
07 08 14 19 22
09 10 14 19 22
11 12 14 19 22
01 13 14 19 22
01 02 15 19 22
03 04 15 19 22
05 06 15 19 22
07 08 15 19 22
09 10 15 19 22
11 12 15 19 22
13 14 15 19 22
01 02 16 19 22
03 04 16 19 22
05 06 16 19 22
07 08 16 19 22
09 10 16 19 22
11 12 16 19 22
13 14 16 19 22
01 15 16 19 22
01 02 17 19 22
03 04 17 19 22
05 06 17 19 22
07 08 17 19 22
09 10 17 19 22
11 12 17 19 22
13 14 17 19 22
15 16 17 19 22
01 02 18 19 22
03 04 18 19 22
05 06 18 19 22
07 08 18 19 22
09 10 18 19 22
11 12 18 19 22
13 14 18 19 22
15 16 18 19 22
01 17 18 19 22
01 02 03 20 22
08 09 10 20 22
01 02 04 20 22
01 02 05 20 22
03 04 05 20 22
06 07 08 20 22
06 07 09 20 22
06 07 10 20 22
01 02 11 20 22
03 04 11 20 22
05 06 11 20 22
07 08 11 20 22
09 10 11 20 22
01 02 12 20 22
03 04 12 20 22
05 06 12 20 22
07 08 12 20 22
09 10 12 20 22
01 11 12 20 22
01 02 13 20 22
03 04 13 20 22
05 06 13 20 22
07 08 13 20 22
09 10 13 20 22
11 12 13 20 22
01 02 14 20 22
03 04 14 20 22
05 06 14 20 22
07 08 14 20 22
09 10 14 20 22
11 12 14 20 22
01 13 14 20 22
01 02 15 20 22
03 04 15 20 22
05 06 15 20 22
07 08 15 20 22
09 10 15 20 22
11 12 15 20 22
13 14 15 20 22
01 02 16 20 22
03 04 16 20 22
05 06 16 20 22
07 08 16 20 22
09 10 16 20 22
11 12 16 20 22
13 14 16 20 22
01 15 16 20 22
01 02 17 20 22
03 04 17 20 22
05 06 17 20 22
07 08 17 20 22
09 10 17 20 22
11 12 17 20 22
13 14 17 20 22
15 16 17 20 22
01 02 18 20 22
03 04 18 20 22
05 06 18 20 22
07 08 18 20 22
09 10 18 20 22
11 12 18 20 22
13 14 18 20 22
15 16 18 20 22
01 17 18 20 22
01 02 19 20 22
03 04 19 20 22
05 06 19 20 22
07 08 19 20 22
09 10 19 20 22
11 12 19 20 22
13 14 19 20 22
15 16 19 20 22
17 18 19 20 22
01 02 03 21 22
08 09 10 21 22
01 02 04 21 22
01 02 05 21 22
03 04 05 21 22
06 07 08 21 22
06 07 09 21 22
06 07 10 21 22
01 02 11 21 22
03 04 11 21 22
05 06 11 21 22
07 08 11 21 22
09 10 11 21 22
01 02 12 21 22
03 04 12 21 22
05 06 12 21 22
07 08 12 21 22
09 10 12 21 22
01 11 12 21 22
01 02 13 21 22
03 04 13 21 22
05 06 13 21 22
07 08 13 21 22
09 10 13 21 22
11 12 13 21 22
01 02 14 21 22
03 04 14 21 22
05 06 14 21 22
07 08 14 21 22
09 10 14 21 22
11 12 14 21 22
01 13 14 21 22
01 02 15 21 22
03 04 15 21 22
05 06 15 21 22
07 08 15 21 22
09 10 15 21 22
11 12 15 21 22
13 14 15 21 22
01 02 16 21 22
03 04 16 21 22
05 06 16 21 22
07 08 16 21 22
09 10 16 21 22
11 12 16 21 22
13 14 16 21 22
01 15 16 21 22
01 02 17 21 22
03 04 17 21 22
05 06 17 21 22
07 08 17 21 22
09 10 17 21 22
11 12 17 21 22
13 14 17 21 22
15 16 17 21 22
01 02 18 21 22
03 04 18 21 22
05 06 18 21 22
07 08 18 21 22
09 10 18 21 22
11 12 18 21 22
13 14 18 21 22
15 16 18 21 22
01 17 18 21 22
01 02 19 21 22
03 04 19 21 22
05 06 19 21 22
07 08 19 21 22
09 10 19 21 22
11 12 19 21 22
13 14 19 21 22
15 16 19 21 22
17 18 19 21 22
01 02 20 21 22
03 04 20 21 22
05 06 20 21 22
07 08 20 21 22
09 10 20 21 22
11 12 20 21 22
13 14 20 21 22
15 16 20 21 22
17 18 20 21 22
01 19 20 21 22
01 02 03 04 23
06 07 08 09 23
01 02 03 05 23
01 02 03 06 23
01 07 08 09 23
02 07 08 09 23
03 07 08 09 23
04 05 06 07 23
04 05 06 08 23
04 05 06 09 23
01 02 03 10 23
01 02 04 10 23
01 02 05 10 23
01 06 07 10 23
03 04 05 10 23
06 08 09 10 23
07 08 09 10 23
01 02 03 11 23
08 09 10 11 23
01 02 04 11 23
01 02 05 11 23
03 04 05 11 23
06 07 08 11 23
06 07 09 11 23
06 07 10 11 23
01 02 03 12 23
08 09 10 12 23
01 02 04 12 23
01 02 05 12 23
03 04 05 12 23
06 07 08 12 23
06 07 09 12 23
06 07 10 12 23
01 02 11 12 23
03 04 11 12 23
05 06 11 12 23
07 08 11 12 23
09 10 11 12 23
01 02 03 13 23
08 09 10 13 23
01 02 04 13 23
01 02 05 13 23
03 04 05 13 23
06 07 08 13 23
06 07 09 13 23
06 07 10 13 23
01 02 11 13 23
03 04 11 13 23
05 06 11 13 23
07 08 11 13 23
09 10 11 13 23
01 02 12 13 23
03 04 12 13 23
05 06 12 13 23
07 08 12 13 23
09 10 12 13 23
01 11 12 13 23
01 02 03 14 23
08 09 10 14 23
01 02 04 14 23
01 02 05 14 23
03 04 05 14 23
06 07 08 14 23
06 07 09 14 23
06 07 10 14 23
01 02 11 14 23
03 04 11 14 23
05 06 11 14 23
07 08 11 14 23
09 10 11 14 23
01 02 12 14 23
03 04 12 14 23
05 06 12 14 23
07 08 12 14 23
09 10 12 14 23
01 11 12 14 23
01 02 13 14 23
03 04 13 14 23
05 06 13 14 23
07 08 13 14 23
09 10 13 14 23
11 12 13 14 23
01 02 03 15 23
08 09 10 15 23
01 02 04 15 23
01 02 05 15 23
03 04 05 15 23
06 07 08 15 23
06 07 09 15 23
06 07 10 15 23
01 02 11 15 23
03 04 11 15 23
05 06 11 15 23
07 08 11 15 23
09 10 11 15 23
01 02 12 15 23
03 04 12 15 23
05 06 12 15 23
07 08 12 15 23
09 10 12 15 23
01 11 12 15 23
01 02 13 15 23
03 04 13 15 23
05 06 13 15 23
07 08 13 15 23
09 10 13 15 23
11 12 13 15 23
01 02 14 15 23
03 04 14 15 23
05 06 14 15 23
07 08 14 15 23
09 10 14 15 23
11 12 14 15 23
01 13 14 15 23
01 02 03 16 23
08 09 10 16 23
01 02 04 16 23
01 02 05 16 23
03 04 05 16 23
06 07 08 16 23
06 07 09 16 23
06 07 10 16 23
01 02 11 16 23
03 04 11 16 23
05 06 11 16 23
07 08 11 16 23
09 10 11 16 23
01 02 12 16 23
03 04 12 16 23
05 06 12 16 23
07 08 12 16 23
09 10 12 16 23
01 11 12 16 23
01 02 13 16 23
03 04 13 16 23
05 06 13 16 23
07 08 13 16 23
09 10 13 16 23
11 12 13 16 23
01 02 14 16 23
03 04 14 16 23
05 06 14 16 23
07 08 14 16 23
09 10 14 16 23
11 12 14 16 23
01 13 14 16 23
01 02 15 16 23
03 04 15 16 23
05 06 15 16 23
07 08 15 16 23
09 10 15 16 23
11 12 15 16 23
13 14 15 16 23
01 02 03 17 23
08 09 10 17 23
01 02 04 17 23
01 02 05 17 23
03 04 05 17 23
06 07 08 17 23
06 07 09 17 23
06 07 10 17 23
01 02 11 17 23
03 04 11 17 23
05 06 11 17 23
07 08 11 17 23
09 10 11 17 23
01 02 12 17 23
03 04 12 17 23
05 06 12 17 23
07 08 12 17 23
09 10 12 17 23
01 11 12 17 23
01 02 13 17 23
03 04 13 17 23
05 06 13 17 23
07 08 13 17 23
09 10 13 17 23
11 12 13 17 23
01 02 14 17 23
03 04 14 17 23
05 06 14 17 23
07 08 14 17 23
09 10 14 17 23
11 12 14 17 23
01 13 14 17 23
01 02 15 17 23
03 04 15 17 23
05 06 15 17 23
07 08 15 17 23
09 10 15 17 23
11 12 15 17 23
13 14 15 17 23
01 02 16 17 23
03 04 16 17 23
05 06 16 17 23
07 08 16 17 23
09 10 16 17 23
11 12 16 17 23
13 14 16 17 23
01 15 16 17 23
01 02 03 18 23
08 09 10 18 23
01 02 04 18 23
01 02 05 18 23
03 04 05 18 23
06 07 08 18 23
06 07 09 18 23
06 07 10 18 23
01 02 11 18 23
03 04 11 18 23
05 06 11 18 23
07 08 11 18 23
09 10 11 18 23
01 02 12 18 23
03 04 12 18 23
05 06 12 18 23
07 08 12 18 23
09 10 12 18 23
01 11 12 18 23
01 02 13 18 23
03 04 13 18 23
05 06 13 18 23
07 08 13 18 23
09 10 13 18 23
11 12 13 18 23
01 02 14 18 23
03 04 14 18 23
05 06 14 18 23
07 08 14 18 23
09 10 14 18 23
11 12 14 18 23
01 13 14 18 23
01 02 15 18 23
03 04 15 18 23
05 06 15 18 23
07 08 15 18 23
09 10 15 18 23
11 12 15 18 23
13 14 15 18 23
01 02 16 18 23
03 04 16 18 23
05 06 16 18 23
07 08 16 18 23
09 10 16 18 23
11 12 16 18 23
13 14 16 18 23
01 15 16 18 23
01 02 17 18 23
03 04 17 18 23
05 06 17 18 23
07 08 17 18 23
09 10 17 18 23
11 12 17 18 23
13 14 17 18 23
15 16 17 18 23
01 02 03 19 23
08 09 10 19 23
01 02 04 19 23
01 02 05 19 23
03 04 05 19 23
06 07 08 19 23
06 07 09 19 23
06 07 10 19 23
01 02 11 19 23
03 04 11 19 23
05 06 11 19 23
07 08 11 19 23
09 10 11 19 23
01 02 12 19 23
03 04 12 19 23
05 06 12 19 23
07 08 12 19 23
09 10 12 19 23
01 11 12 19 23
01 02 13 19 23
03 04 13 19 23
05 06 13 19 23
07 08 13 19 23
09 10 13 19 23
11 12 13 19 23
01 02 14 19 23
03 04 14 19 23
05 06 14 19 23
07 08 14 19 23
09 10 14 19 23
11 12 14 19 23
01 13 14 19 23
01 02 15 19 23
03 04 15 19 23
05 06 15 19 23
07 08 15 19 23
09 10 15 19 23
11 12 15 19 23
13 14 15 19 23
01 02 16 19 23
03 04 16 19 23
05 06 16 19 23
07 08 16 19 23
09 10 16 19 23
11 12 16 19 23
13 14 16 19 23
01 15 16 19 23
01 02 17 19 23
03 04 17 19 23
05 06 17 19 23
07 08 17 19 23
09 10 17 19 23
11 12 17 19 23
13 14 17 19 23
15 16 17 19 23
01 02 18 19 23
03 04 18 19 23
05 06 18 19 23
07 08 18 19 23
09 10 18 19 23
11 12 18 19 23
13 14 18 19 23
15 16 18 19 23
01 17 18 19 23
01 02 03 20 23
08 09 10 20 23
01 02 04 20 23
01 02 05 20 23
03 04 05 20 23
06 07 08 20 23
06 07 09 20 23
06 07 10 20 23
01 02 11 20 23
03 04 11 20 23
05 06 11 20 23
07 08 11 20 23
09 10 11 20 23
01 02 12 20 23
03 04 12 20 23
05 06 12 20 23
07 08 12 20 23
09 10 12 20 23
01 11 12 20 23
01 02 13 20 23
03 04 13 20 23
05 06 13 20 23
07 08 13 20 23
09 10 13 20 23
11 12 13 20 23
01 02 14 20 23
03 04 14 20 23
05 06 14 20 23
07 08 14 20 23
09 10 14 20 23
11 12 14 20 23
01 13 14 20 23
01 02 15 20 23
03 04 15 20 23
05 06 15 20 23
07 08 15 20 23
09 10 15 20 23
11 12 15 20 23
13 14 15 20 23
01 02 16 20 23
03 04 16 20 23
05 06 16 20 23
07 08 16 20 23
09 10 16 20 23
11 12 16 20 23
13 14 16 20 23
01 15 16 20 23
01 02 17 20 23
03 04 17 20 23
05 06 17 20 23
07 08 17 20 23
09 10 17 20 23
11 12 17 20 23
13 14 17 20 23
15 16 17 20 23
01 02 18 20 23
03 04 18 20 23
05 06 18 20 23
07 08 18 20 23
09 10 18 20 23
11 12 18 20 23
13 14 18 20 23
15 16 18 20 23
01 17 18 20 23
01 02 19 20 23
03 04 19 20 23
05 06 19 20 23
07 08 19 20 23
09 10 19 20 23
11 12 19 20 23
13 14 19 20 23
15 16 19 20 23
17 18 19 20 23
01 02 03 21 23
08 09 10 21 23
01 02 04 21 23
01 02 05 21 23
03 04 05 21 23
06 07 08 21 23
06 07 09 21 23
06 07 10 21 23
01 02 11 21 23
03 04 11 21 23
05 06 11 21 23
07 08 11 21 23
09 10 11 21 23
01 02 12 21 23
03 04 12 21 23
05 06 12 21 23
07 08 12 21 23
09 10 12 21 23
01 11 12 21 23
01 02 13 21 23
03 04 13 21 23
05 06 13 21 23
07 08 13 21 23
09 10 13 21 23
11 12 13 21 23
01 02 14 21 23
03 04 14 21 23
05 06 14 21 23
07 08 14 21 23
09 10 14 21 23
11 12 14 21 23
01 13 14 21 23
01 02 15 21 23
03 04 15 21 23
05 06 15 21 23
07 08 15 21 23
09 10 15 21 23
11 12 15 21 23
13 14 15 21 23
01 02 16 21 23
03 04 16 21 23
05 06 16 21 23
07 08 16 21 23
09 10 16 21 23
11 12 16 21 23
13 14 16 21 23
01 15 16 21 23
01 02 17 21 23
03 04 17 21 23
05 06 17 21 23
07 08 17 21 23
09 10 17 21 23
11 12 17 21 23
13 14 17 21 23
15 16 17 21 23
01 02 18 21 23
03 04 18 21 23
05 06 18 21 23
07 08 18 21 23
09 10 18 21 23
11 12 18 21 23
13 14 18 21 23
15 16 18 21 23
01 17 18 21 23
01 02 19 21 23
03 04 19 21 23
05 06 19 21 23
07 08 19 21 23
09 10 19 21 23
11 12 19 21 23
13 14 19 21 23
15 16 19 21 23
17 18 19 21 23
01 02 20 21 23
03 04 20 21 23
05 06 20 21 23
07 08 20 21 23
09 10 20 21 23
11 12 20 21 23
13 14 20 21 23
15 16 20 21 23
17 18 20 21 23
01 19 20 21 23
01 02 03 22 23
08 09 10 22 23
01 02 04 22 23
01 02 05 22 23
03 04 05 22 23
06 07 08 22 23
06 07 09 22 23
06 07 10 22 23
01 02 11 22 23
03 04 11 22 23
05 06 11 22 23
07 08 11 22 23
09 10 11 22 23
01 02 12 22 23
03 04 12 22 23
05 06 12 22 23
07 08 12 22 23
09 10 12 22 23
01 11 12 22 23
01 02 13 22 23
03 04 13 22 23
05 06 13 22 23
07 08 13 22 23
09 10 13 22 23
11 12 13 22 23
01 02 14 22 23
03 04 14 22 23
05 06 14 22 23
07 08 14 22 23
09 10 14 22 23
11 12 14 22 23
01 13 14 22 23
01 02 15 22 23
03 04 15 22 23
05 06 15 22 23
07 08 15 22 23
09 10 15 22 23
11 12 15 22 23
13 14 15 22 23
01 02 16 22 23
03 04 16 22 23
05 06 16 22 23
07 08 16 22 23
09 10 16 22 23
11 12 16 22 23
13 14 16 22 23
01 15 16 22 23
01 02 17 22 23
03 04 17 22 23
05 06 17 22 23
07 08 17 22 23
09 10 17 22 23
11 12 17 22 23
13 14 17 22 23
15 16 17 22 23
01 02 18 22 23
03 04 18 22 23
05 06 18 22 23
07 08 18 22 23
09 10 18 22 23
11 12 18 22 23
13 14 18 22 23
15 16 18 22 23
01 17 18 22 23
01 02 19 22 23
03 04 19 22 23
05 06 19 22 23
07 08 19 22 23
09 10 19 22 23
11 12 19 22 23
13 14 19 22 23
15 16 19 22 23
17 18 19 22 23
01 02 20 22 23
03 04 20 22 23
05 06 20 22 23
07 08 20 22 23
09 10 20 22 23
11 12 20 22 23
13 14 20 22 23
15 16 20 22 23
17 18 20 22 23
01 19 20 22 23
01 02 21 22 23
03 04 21 22 23
05 06 21 22 23
07 08 21 22 23
09 10 21 22 23
11 12 21 22 23
13 14 21 22 23
15 16 21 22 23
17 18 21 22 23
19 20 21 22 23
01 02 03 04 24
06 07 08 09 24
01 02 03 05 24
01 02 03 06 24
01 07 08 09 24
02 07 08 09 24
03 07 08 09 24
04 05 06 07 24
04 05 06 08 24
04 05 06 09 24
01 02 03 10 24
01 02 04 10 24
01 02 05 10 24
01 06 07 10 24
03 04 05 10 24
06 08 09 10 24
07 08 09 10 24
01 02 03 11 24
08 09 10 11 24
01 02 04 11 24
01 02 05 11 24
03 04 05 11 24
06 07 08 11 24
06 07 09 11 24
06 07 10 11 24
01 02 03 12 24
08 09 10 12 24
01 02 04 12 24
01 02 05 12 24
03 04 05 12 24
06 07 08 12 24
06 07 09 12 24
06 07 10 12 24
01 02 11 12 24
03 04 11 12 24
05 06 11 12 24
07 08 11 12 24
09 10 11 12 24
01 02 03 13 24
08 09 10 13 24
01 02 04 13 24
01 02 05 13 24
03 04 05 13 24
06 07 08 13 24
06 07 09 13 24
06 07 10 13 24
01 02 11 13 24
03 04 11 13 24
05 06 11 13 24
07 08 11 13 24
09 10 11 13 24
01 02 12 13 24
03 04 12 13 24
05 06 12 13 24
07 08 12 13 24
09 10 12 13 24
01 11 12 13 24
01 02 03 14 24
08 09 10 14 24
01 02 04 14 24
01 02 05 14 24
03 04 05 14 24
06 07 08 14 24
06 07 09 14 24
06 07 10 14 24
01 02 11 14 24
03 04 11 14 24
05 06 11 14 24
07 08 11 14 24
09 10 11 14 24
01 02 12 14 24
03 04 12 14 24
05 06 12 14 24
07 08 12 14 24
09 10 12 14 24
01 11 12 14 24
01 02 13 14 24
03 04 13 14 24
05 06 13 14 24
07 08 13 14 24
09 10 13 14 24
11 12 13 14 24
01 02 03 15 24
08 09 10 15 24
01 02 04 15 24
01 02 05 15 24
03 04 05 15 24
06 07 08 15 24
06 07 09 15 24
06 07 10 15 24
01 02 11 15 24
03 04 11 15 24
05 06 11 15 24
07 08 11 15 24
09 10 11 15 24
01 02 12 15 24
03 04 12 15 24
05 06 12 15 24
07 08 12 15 24
09 10 12 15 24
01 11 12 15 24
01 02 13 15 24
03 04 13 15 24
05 06 13 15 24
07 08 13 15 24
09 10 13 15 24
11 12 13 15 24
01 02 14 15 24
03 04 14 15 24
05 06 14 15 24
07 08 14 15 24
09 10 14 15 24
11 12 14 15 24
01 13 14 15 24
01 02 03 16 24
08 09 10 16 24
01 02 04 16 24
01 02 05 16 24
03 04 05 16 24
06 07 08 16 24
06 07 09 16 24
06 07 10 16 24
01 02 11 16 24
03 04 11 16 24
05 06 11 16 24
07 08 11 16 24
09 10 11 16 24
01 02 12 16 24
03 04 12 16 24
05 06 12 16 24
07 08 12 16 24
09 10 12 16 24
01 11 12 16 24
01 02 13 16 24
03 04 13 16 24
05 06 13 16 24
07 08 13 16 24
09 10 13 16 24
11 12 13 16 24
01 02 14 16 24
03 04 14 16 24
05 06 14 16 24
07 08 14 16 24
09 10 14 16 24
11 12 14 16 24
01 13 14 16 24
01 02 15 16 24
03 04 15 16 24
05 06 15 16 24
07 08 15 16 24
09 10 15 16 24
11 12 15 16 24
13 14 15 16 24
01 02 03 17 24
08 09 10 17 24
01 02 04 17 24
01 02 05 17 24
03 04 05 17 24
06 07 08 17 24
06 07 09 17 24
06 07 10 17 24
01 02 11 17 24
03 04 11 17 24
05 06 11 17 24
07 08 11 17 24
09 10 11 17 24
01 02 12 17 24
03 04 12 17 24
05 06 12 17 24
07 08 12 17 24
09 10 12 17 24
01 11 12 17 24
01 02 13 17 24
03 04 13 17 24
05 06 13 17 24
07 08 13 17 24
09 10 13 17 24
11 12 13 17 24
01 02 14 17 24
03 04 14 17 24
05 06 14 17 24
07 08 14 17 24
09 10 14 17 24
11 12 14 17 24
01 13 14 17 24
01 02 15 17 24
03 04 15 17 24
05 06 15 17 24
07 08 15 17 24
09 10 15 17 24
11 12 15 17 24
13 14 15 17 24
01 02 16 17 24
03 04 16 17 24
05 06 16 17 24
07 08 16 17 24
09 10 16 17 24
11 12 16 17 24
13 14 16 17 24
01 15 16 17 24
01 02 03 18 24
08 09 10 18 24
01 02 04 18 24
01 02 05 18 24
03 04 05 18 24
06 07 08 18 24
06 07 09 18 24
06 07 10 18 24
01 02 11 18 24
03 04 11 18 24
05 06 11 18 24
07 08 11 18 24
09 10 11 18 24
01 02 12 18 24
03 04 12 18 24
05 06 12 18 24
07 08 12 18 24
09 10 12 18 24
01 11 12 18 24
01 02 13 18 24
03 04 13 18 24
05 06 13 18 24
07 08 13 18 24
09 10 13 18 24
11 12 13 18 24
01 02 14 18 24
03 04 14 18 24
05 06 14 18 24
07 08 14 18 24
09 10 14 18 24
11 12 14 18 24
01 13 14 18 24
01 02 15 18 24
03 04 15 18 24
05 06 15 18 24
07 08 15 18 24
09 10 15 18 24
11 12 15 18 24
13 14 15 18 24
01 02 16 18 24
03 04 16 18 24
05 06 16 18 24
07 08 16 18 24
09 10 16 18 24
11 12 16 18 24
13 14 16 18 24
01 15 16 18 24
01 02 17 18 24
03 04 17 18 24
05 06 17 18 24
07 08 17 18 24
09 10 17 18 24
11 12 17 18 24
13 14 17 18 24
15 16 17 18 24
01 02 03 19 24
08 09 10 19 24
01 02 04 19 24
01 02 05 19 24
03 04 05 19 24
06 07 08 19 24
06 07 09 19 24
06 07 10 19 24
01 02 11 19 24
03 04 11 19 24
05 06 11 19 24
07 08 11 19 24
09 10 11 19 24
01 02 12 19 24
03 04 12 19 24
05 06 12 19 24
07 08 12 19 24
09 10 12 19 24
01 11 12 19 24
01 02 13 19 24
03 04 13 19 24
05 06 13 19 24
07 08 13 19 24
09 10 13 19 24
11 12 13 19 24
01 02 14 19 24
03 04 14 19 24
05 06 14 19 24
07 08 14 19 24
09 10 14 19 24
11 12 14 19 24
01 13 14 19 24
01 02 15 19 24
03 04 15 19 24
05 06 15 19 24
07 08 15 19 24
09 10 15 19 24
11 12 15 19 24
13 14 15 19 24
01 02 16 19 24
03 04 16 19 24
05 06 16 19 24
07 08 16 19 24
09 10 16 19 24
11 12 16 19 24
13 14 16 19 24
01 15 16 19 24
01 02 17 19 24
03 04 17 19 24
05 06 17 19 24
07 08 17 19 24
09 10 17 19 24
11 12 17 19 24
13 14 17 19 24
15 16 17 19 24
01 02 18 19 24
03 04 18 19 24
05 06 18 19 24
07 08 18 19 24
09 10 18 19 24
11 12 18 19 24
13 14 18 19 24
15 16 18 19 24
01 17 18 19 24
01 02 03 20 24
08 09 10 20 24
01 02 04 20 24
01 02 05 20 24
03 04 05 20 24
06 07 08 20 24
06 07 09 20 24
06 07 10 20 24
01 02 11 20 24
03 04 11 20 24
05 06 11 20 24
07 08 11 20 24
09 10 11 20 24
01 02 12 20 24
03 04 12 20 24
05 06 12 20 24
07 08 12 20 24
09 10 12 20 24
01 11 12 20 24
01 02 13 20 24
03 04 13 20 24
05 06 13 20 24
07 08 13 20 24
09 10 13 20 24
11 12 13 20 24
01 02 14 20 24
03 04 14 20 24
05 06 14 20 24
07 08 14 20 24
09 10 14 20 24
11 12 14 20 24
01 13 14 20 24
01 02 15 20 24
03 04 15 20 24
05 06 15 20 24
07 08 15 20 24
09 10 15 20 24
11 12 15 20 24
13 14 15 20 24
01 02 16 20 24
03 04 16 20 24
05 06 16 20 24
07 08 16 20 24
09 10 16 20 24
11 12 16 20 24
13 14 16 20 24
01 15 16 20 24
01 02 17 20 24
03 04 17 20 24
05 06 17 20 24
07 08 17 20 24
09 10 17 20 24
11 12 17 20 24
13 14 17 20 24
15 16 17 20 24
01 02 18 20 24
03 04 18 20 24
05 06 18 20 24
07 08 18 20 24
09 10 18 20 24
11 12 18 20 24
13 14 18 20 24
15 16 18 20 24
01 17 18 20 24
01 02 19 20 24
03 04 19 20 24
05 06 19 20 24
07 08 19 20 24
09 10 19 20 24
11 12 19 20 24
13 14 19 20 24
15 16 19 20 24
17 18 19 20 24
01 02 03 21 24
08 09 10 21 24
01 02 04 21 24
01 02 05 21 24
03 04 05 21 24
06 07 08 21 24
06 07 09 21 24
06 07 10 21 24
01 02 11 21 24
03 04 11 21 24
05 06 11 21 24
07 08 11 21 24
09 10 11 21 24
01 02 12 21 24
03 04 12 21 24
05 06 12 21 24
07 08 12 21 24
09 10 12 21 24
01 11 12 21 24
01 02 13 21 24
03 04 13 21 24
05 06 13 21 24
07 08 13 21 24
09 10 13 21 24
11 12 13 21 24
01 02 14 21 24
03 04 14 21 24
05 06 14 21 24
07 08 14 21 24
09 10 14 21 24
11 12 14 21 24
01 13 14 21 24
01 02 15 21 24
03 04 15 21 24
05 06 15 21 24
07 08 15 21 24
09 10 15 21 24
11 12 15 21 24
13 14 15 21 24
01 02 16 21 24
03 04 16 21 24
05 06 16 21 24
07 08 16 21 24
09 10 16 21 24
11 12 16 21 24
13 14 16 21 24
01 15 16 21 24
01 02 17 21 24
03 04 17 21 24
05 06 17 21 24
07 08 17 21 24
09 10 17 21 24
11 12 17 21 24
13 14 17 21 24
15 16 17 21 24
01 02 18 21 24
03 04 18 21 24
05 06 18 21 24
07 08 18 21 24
09 10 18 21 24
11 12 18 21 24
13 14 18 21 24
15 16 18 21 24
01 17 18 21 24
01 02 19 21 24
03 04 19 21 24
05 06 19 21 24
07 08 19 21 24
09 10 19 21 24
11 12 19 21 24
13 14 19 21 24
15 16 19 21 24
17 18 19 21 24
01 02 20 21 24
03 04 20 21 24
05 06 20 21 24
07 08 20 21 24
09 10 20 21 24
11 12 20 21 24
13 14 20 21 24
15 16 20 21 24
17 18 20 21 24
01 19 20 21 24
01 02 03 22 24
08 09 10 22 24
01 02 04 22 24
01 02 05 22 24
03 04 05 22 24
06 07 08 22 24
06 07 09 22 24
06 07 10 22 24
01 02 11 22 24
03 04 11 22 24
05 06 11 22 24
07 08 11 22 24
09 10 11 22 24
01 02 12 22 24
03 04 12 22 24
05 06 12 22 24
07 08 12 22 24
09 10 12 22 24
01 11 12 22 24
01 02 13 22 24
03 04 13 22 24
05 06 13 22 24
07 08 13 22 24
09 10 13 22 24
11 12 13 22 24
01 02 14 22 24
03 04 14 22 24
05 06 14 22 24
07 08 14 22 24
09 10 14 22 24
11 12 14 22 24
01 13 14 22 24
01 02 15 22 24
03 04 15 22 24
05 06 15 22 24
07 08 15 22 24
09 10 15 22 24
11 12 15 22 24
13 14 15 22 24
01 02 16 22 24
03 04 16 22 24
05 06 16 22 24
07 08 16 22 24
09 10 16 22 24
11 12 16 22 24
13 14 16 22 24
01 15 16 22 24
01 02 17 22 24
03 04 17 22 24
05 06 17 22 24
07 08 17 22 24
09 10 17 22 24
11 12 17 22 24
13 14 17 22 24
15 16 17 22 24
01 02 18 22 24
03 04 18 22 24
05 06 18 22 24
07 08 18 22 24
09 10 18 22 24
11 12 18 22 24
13 14 18 22 24
15 16 18 22 24
01 17 18 22 24
01 02 19 22 24
03 04 19 22 24
05 06 19 22 24
07 08 19 22 24
09 10 19 22 24
11 12 19 22 24
13 14 19 22 24
15 16 19 22 24
17 18 19 22 24
01 02 20 22 24
03 04 20 22 24
05 06 20 22 24
07 08 20 22 24
09 10 20 22 24
11 12 20 22 24
13 14 20 22 24
15 16 20 22 24
17 18 20 22 24
01 19 20 22 24
01 02 21 22 24
03 04 21 22 24
05 06 21 22 24
07 08 21 22 24
09 10 21 22 24
11 12 21 22 24
13 14 21 22 24
15 16 21 22 24
17 18 21 22 24
19 20 21 22 24
01 02 03 23 24
08 09 10 23 24
01 02 04 23 24
01 02 05 23 24
03 04 05 23 24
06 07 08 23 24
06 07 09 23 24
06 07 10 23 24
01 02 11 23 24
03 04 11 23 24
05 06 11 23 24
07 08 11 23 24
09 10 11 23 24
01 02 12 23 24
03 04 12 23 24
05 06 12 23 24
07 08 12 23 24
09 10 12 23 24
01 11 12 23 24
01 02 13 23 24
03 04 13 23 24
05 06 13 23 24
07 08 13 23 24
09 10 13 23 24
11 12 13 23 24
01 02 14 23 24
03 04 14 23 24
05 06 14 23 24
07 08 14 23 24
09 10 14 23 24
11 12 14 23 24
01 13 14 23 24
01 02 15 23 24
03 04 15 23 24
05 06 15 23 24
07 08 15 23 24
09 10 15 23 24
11 12 15 23 24
13 14 15 23 24
01 02 16 23 24
03 04 16 23 24
05 06 16 23 24
07 08 16 23 24
09 10 16 23 24
11 12 16 23 24
13 14 16 23 24
01 15 16 23 24
01 02 17 23 24
03 04 17 23 24
05 06 17 23 24
07 08 17 23 24
09 10 17 23 24
11 12 17 23 24
13 14 17 23 24
15 16 17 23 24
01 02 18 23 24
03 04 18 23 24
05 06 18 23 24
07 08 18 23 24
09 10 18 23 24
11 12 18 23 24
13 14 18 23 24
15 16 18 23 24
01 17 18 23 24
01 02 19 23 24
03 04 19 23 24
05 06 19 23 24
07 08 19 23 24
09 10 19 23 24
11 12 19 23 24
13 14 19 23 24
15 16 19 23 24
17 18 19 23 24
01 02 20 23 24
03 04 20 23 24
05 06 20 23 24
07 08 20 23 24
09 10 20 23 24
11 12 20 23 24
13 14 20 23 24
15 16 20 23 24
17 18 20 23 24
01 19 20 23 24
01 02 21 23 24
03 04 21 23 24
05 06 21 23 24
07 08 21 23 24
09 10 21 23 24
11 12 21 23 24
13 14 21 23 24
15 16 21 23 24
17 18 21 23 24
19 20 21 23 24
01 02 22 23 24
03 04 22 23 24
05 06 22 23 24
07 08 22 23 24
09 10 22 23 24
11 12 22 23 24
13 14 22 23 24
15 16 22 23 24
17 18 22 23 24
19 20 22 23 24
01 21 22 23 24
01 02 03 04 25
06 07 08 09 25
01 02 03 05 25
01 02 03 06 25
01 07 08 09 25
02 07 08 09 25
03 07 08 09 25
04 05 06 07 25
04 05 06 08 25
04 05 06 09 25
01 02 03 10 25
01 02 04 10 25
01 02 05 10 25
01 06 07 10 25
03 04 05 10 25
06 08 09 10 25
07 08 09 10 25
01 02 03 11 25
08 09 10 11 25
01 02 04 11 25
01 02 05 11 25
03 04 05 11 25
06 07 08 11 25
06 07 09 11 25
06 07 10 11 25
01 02 03 12 25
08 09 10 12 25
01 02 04 12 25
01 02 05 12 25
03 04 05 12 25
06 07 08 12 25
06 07 09 12 25
06 07 10 12 25
01 02 11 12 25
03 04 11 12 25
05 06 11 12 25
07 08 11 12 25
09 10 11 12 25
01 02 03 13 25
08 09 10 13 25
01 02 04 13 25
01 02 05 13 25
03 04 05 13 25
06 07 08 13 25
06 07 09 13 25
06 07 10 13 25
01 02 11 13 25
03 04 11 13 25
05 06 11 13 25
07 08 11 13 25
09 10 11 13 25
01 02 12 13 25
03 04 12 13 25
05 06 12 13 25
07 08 12 13 25
09 10 12 13 25
01 11 12 13 25
01 02 03 14 25
08 09 10 14 25
01 02 04 14 25
01 02 05 14 25
03 04 05 14 25
06 07 08 14 25
06 07 09 14 25
06 07 10 14 25
01 02 11 14 25
03 04 11 14 25
05 06 11 14 25
07 08 11 14 25
09 10 11 14 25
01 02 12 14 25
03 04 12 14 25
05 06 12 14 25
07 08 12 14 25
09 10 12 14 25
01 11 12 14 25
01 02 13 14 25
03 04 13 14 25
05 06 13 14 25
07 08 13 14 25
09 10 13 14 25
11 12 13 14 25
01 02 03 15 25
08 09 10 15 25
01 02 04 15 25
01 02 05 15 25
03 04 05 15 25
06 07 08 15 25
06 07 09 15 25
06 07 10 15 25
01 02 11 15 25
03 04 11 15 25
05 06 11 15 25
07 08 11 15 25
09 10 11 15 25
01 02 12 15 25
03 04 12 15 25
05 06 12 15 25
07 08 12 15 25
09 10 12 15 25
01 11 12 15 25
01 02 13 15 25
03 04 13 15 25
05 06 13 15 25
07 08 13 15 25
09 10 13 15 25
11 12 13 15 25
01 02 14 15 25
03 04 14 15 25
05 06 14 15 25
07 08 14 15 25
09 10 14 15 25
11 12 14 15 25
01 13 14 15 25
01 02 03 16 25
08 09 10 16 25
01 02 04 16 25
01 02 05 16 25
03 04 05 16 25
06 07 08 16 25
06 07 09 16 25
06 07 10 16 25
01 02 11 16 25
03 04 11 16 25
05 06 11 16 25
07 08 11 16 25
09 10 11 16 25
01 02 12 16 25
03 04 12 16 25
05 06 12 16 25
07 08 12 16 25
09 10 12 16 25
01 11 12 16 25
01 02 13 16 25
03 04 13 16 25
05 06 13 16 25
07 08 13 16 25
09 10 13 16 25
11 12 13 16 25
01 02 14 16 25
03 04 14 16 25
05 06 14 16 25
07 08 14 16 25
09 10 14 16 25
11 12 14 16 25
01 13 14 16 25
01 02 15 16 25
03 04 15 16 25
05 06 15 16 25
07 08 15 16 25
09 10 15 16 25
11 12 15 16 25
13 14 15 16 25
01 02 03 17 25
08 09 10 17 25
01 02 04 17 25
01 02 05 17 25
03 04 05 17 25
06 07 08 17 25
06 07 09 17 25
06 07 10 17 25
01 02 11 17 25
03 04 11 17 25
05 06 11 17 25
07 08 11 17 25
09 10 11 17 25
01 02 12 17 25
03 04 12 17 25
05 06 12 17 25
07 08 12 17 25
09 10 12 17 25
01 11 12 17 25
01 02 13 17 25
03 04 13 17 25
05 06 13 17 25
07 08 13 17 25
09 10 13 17 25
11 12 13 17 25
01 02 14 17 25
03 04 14 17 25
05 06 14 17 25
07 08 14 17 25
09 10 14 17 25
11 12 14 17 25
01 13 14 17 25
01 02 15 17 25
03 04 15 17 25
05 06 15 17 25
07 08 15 17 25
09 10 15 17 25
11 12 15 17 25
13 14 15 17 25
01 02 16 17 25
03 04 16 17 25
05 06 16 17 25
07 08 16 17 25
09 10 16 17 25
11 12 16 17 25
13 14 16 17 25
01 15 16 17 25
01 02 03 18 25
08 09 10 18 25
01 02 04 18 25
01 02 05 18 25
03 04 05 18 25
06 07 08 18 25
06 07 09 18 25
06 07 10 18 25
01 02 11 18 25
03 04 11 18 25
05 06 11 18 25
07 08 11 18 25
09 10 11 18 25
01 02 12 18 25
03 04 12 18 25
05 06 12 18 25
07 08 12 18 25
09 10 12 18 25
01 11 12 18 25
01 02 13 18 25
03 04 13 18 25
05 06 13 18 25
07 08 13 18 25
09 10 13 18 25
11 12 13 18 25
01 02 14 18 25
03 04 14 18 25
05 06 14 18 25
07 08 14 18 25
09 10 14 18 25
11 12 14 18 25
01 13 14 18 25
01 02 15 18 25
03 04 15 18 25
05 06 15 18 25
07 08 15 18 25
09 10 15 18 25
11 12 15 18 25
13 14 15 18 25
01 02 16 18 25
03 04 16 18 25
05 06 16 18 25
07 08 16 18 25
09 10 16 18 25
11 12 16 18 25
13 14 16 18 25
01 15 16 18 25
01 02 17 18 25
03 04 17 18 25
05 06 17 18 25
07 08 17 18 25
09 10 17 18 25
11 12 17 18 25
13 14 17 18 25
15 16 17 18 25
01 02 03 19 25
08 09 10 19 25
01 02 04 19 25
01 02 05 19 25
03 04 05 19 25
06 07 08 19 25
06 07 09 19 25
06 07 10 19 25
01 02 11 19 25
03 04 11 19 25
05 06 11 19 25
07 08 11 19 25
09 10 11 19 25
01 02 12 19 25
03 04 12 19 25
05 06 12 19 25
07 08 12 19 25
09 10 12 19 25
01 11 12 19 25
01 02 13 19 25
03 04 13 19 25
05 06 13 19 25
07 08 13 19 25
09 10 13 19 25
11 12 13 19 25
01 02 14 19 25
03 04 14 19 25
05 06 14 19 25
07 08 14 19 25
09 10 14 19 25
11 12 14 19 25
01 13 14 19 25
01 02 15 19 25
03 04 15 19 25
05 06 15 19 25
07 08 15 19 25
09 10 15 19 25
11 12 15 19 25
13 14 15 19 25
01 02 16 19 25
03 04 16 19 25
05 06 16 19 25
07 08 16 19 25
09 10 16 19 25
11 12 16 19 25
13 14 16 19 25
01 15 16 19 25
01 02 17 19 25
03 04 17 19 25
05 06 17 19 25
07 08 17 19 25
09 10 17 19 25
11 12 17 19 25
13 14 17 19 25
15 16 17 19 25
01 02 18 19 25
03 04 18 19 25
05 06 18 19 25
07 08 18 19 25
09 10 18 19 25
11 12 18 19 25
13 14 18 19 25
15 16 18 19 25
01 17 18 19 25
01 02 03 20 25
08 09 10 20 25
01 02 04 20 25
01 02 05 20 25
03 04 05 20 25
06 07 08 20 25
06 07 09 20 25
06 07 10 20 25
01 02 11 20 25
03 04 11 20 25
05 06 11 20 25
07 08 11 20 25
09 10 11 20 25
01 02 12 20 25
03 04 12 20 25
05 06 12 20 25
07 08 12 20 25
09 10 12 20 25
01 11 12 20 25
01 02 13 20 25
03 04 13 20 25
05 06 13 20 25
07 08 13 20 25
09 10 13 20 25
11 12 13 20 25
01 02 14 20 25
03 04 14 20 25
05 06 14 20 25
07 08 14 20 25
09 10 14 20 25
11 12 14 20 25
01 13 14 20 25
01 02 15 20 25
03 04 15 20 25
05 06 15 20 25
07 08 15 20 25
09 10 15 20 25
11 12 15 20 25
13 14 15 20 25
01 02 16 20 25
03 04 16 20 25
05 06 16 20 25
07 08 16 20 25
09 10 16 20 25
11 12 16 20 25
13 14 16 20 25
01 15 16 20 25
01 02 17 20 25
03 04 17 20 25
05 06 17 20 25
07 08 17 20 25
09 10 17 20 25
11 12 17 20 25
13 14 17 20 25
15 16 17 20 25
01 02 18 20 25
03 04 18 20 25
05 06 18 20 25
07 08 18 20 25
09 10 18 20 25
11 12 18 20 25
13 14 18 20 25
15 16 18 20 25
01 17 18 20 25
01 02 19 20 25
03 04 19 20 25
05 06 19 20 25
07 08 19 20 25
09 10 19 20 25
11 12 19 20 25
13 14 19 20 25
15 16 19 20 25
17 18 19 20 25
01 02 03 21 25
08 09 10 21 25
01 02 04 21 25
01 02 05 21 25
03 04 05 21 25
06 07 08 21 25
06 07 09 21 25
06 07 10 21 25
01 02 11 21 25
03 04 11 21 25
05 06 11 21 25
07 08 11 21 25
09 10 11 21 25
01 02 12 21 25
03 04 12 21 25
05 06 12 21 25
07 08 12 21 25
09 10 12 21 25
01 11 12 21 25
01 02 13 21 25
03 04 13 21 25
05 06 13 21 25
07 08 13 21 25
09 10 13 21 25
11 12 13 21 25
01 02 14 21 25
03 04 14 21 25
05 06 14 21 25
07 08 14 21 25
09 10 14 21 25
11 12 14 21 25
01 13 14 21 25
01 02 15 21 25
03 04 15 21 25
05 06 15 21 25
07 08 15 21 25
09 10 15 21 25
11 12 15 21 25
13 14 15 21 25
01 02 16 21 25
03 04 16 21 25
05 06 16 21 25
07 08 16 21 25
09 10 16 21 25
11 12 16 21 25
13 14 16 21 25
01 15 16 21 25
01 02 17 21 25
03 04 17 21 25
05 06 17 21 25
07 08 17 21 25
09 10 17 21 25
11 12 17 21 25
13 14 17 21 25
15 16 17 21 25
01 02 18 21 25
03 04 18 21 25
05 06 18 21 25
07 08 18 21 25
09 10 18 21 25
11 12 18 21 25
13 14 18 21 25
15 16 18 21 25
01 17 18 21 25
01 02 19 21 25
03 04 19 21 25
05 06 19 21 25
07 08 19 21 25
09 10 19 21 25
11 12 19 21 25
13 14 19 21 25
15 16 19 21 25
17 18 19 21 25
01 02 20 21 25
03 04 20 21 25
05 06 20 21 25
07 08 20 21 25
09 10 20 21 25
11 12 20 21 25
13 14 20 21 25
15 16 20 21 25
17 18 20 21 25
01 19 20 21 25
01 02 03 22 25
08 09 10 22 25
01 02 04 22 25
01 02 05 22 25
03 04 05 22 25
06 07 08 22 25
06 07 09 22 25
06 07 10 22 25
01 02 11 22 25
03 04 11 22 25
05 06 11 22 25
07 08 11 22 25
09 10 11 22 25
01 02 12 22 25
03 04 12 22 25
05 06 12 22 25
07 08 12 22 25
09 10 12 22 25
01 11 12 22 25
01 02 13 22 25
03 04 13 22 25
05 06 13 22 25
07 08 13 22 25
09 10 13 22 25
11 12 13 22 25
01 02 14 22 25
03 04 14 22 25
05 06 14 22 25
07 08 14 22 25
09 10 14 22 25
11 12 14 22 25
01 13 14 22 25
01 02 15 22 25
03 04 15 22 25
05 06 15 22 25
07 08 15 22 25
09 10 15 22 25
11 12 15 22 25
13 14 15 22 25
01 02 16 22 25
03 04 16 22 25
05 06 16 22 25
07 08 16 22 25
09 10 16 22 25
11 12 16 22 25
13 14 16 22 25
01 15 16 22 25
01 02 17 22 25
03 04 17 22 25
05 06 17 22 25
07 08 17 22 25
09 10 17 22 25
11 12 17 22 25
13 14 17 22 25
15 16 17 22 25
01 02 18 22 25
03 04 18 22 25
05 06 18 22 25
07 08 18 22 25
09 10 18 22 25
11 12 18 22 25
13 14 18 22 25
15 16 18 22 25
01 17 18 22 25
01 02 19 22 25
03 04 19 22 25
05 06 19 22 25
07 08 19 22 25
09 10 19 22 25
11 12 19 22 25
13 14 19 22 25
15 16 19 22 25
17 18 19 22 25
01 02 20 22 25
03 04 20 22 25
05 06 20 22 25
07 08 20 22 25
09 10 20 22 25
11 12 20 22 25
13 14 20 22 25
15 16 20 22 25
17 18 20 22 25
01 19 20 22 25
01 02 21 22 25
03 04 21 22 25
05 06 21 22 25
07 08 21 22 25
09 10 21 22 25
11 12 21 22 25
13 14 21 22 25
15 16 21 22 25
17 18 21 22 25
19 20 21 22 25
01 02 03 23 25
08 09 10 23 25
01 02 04 23 25
01 02 05 23 25
03 04 05 23 25
06 07 08 23 25
06 07 09 23 25
06 07 10 23 25
01 02 11 23 25
03 04 11 23 25
05 06 11 23 25
07 08 11 23 25
09 10 11 23 25
01 02 12 23 25
03 04 12 23 25
05 06 12 23 25
07 08 12 23 25
09 10 12 23 25
01 11 12 23 25
01 02 13 23 25
03 04 13 23 25
05 06 13 23 25
07 08 13 23 25
09 10 13 23 25
11 12 13 23 25
01 02 14 23 25
03 04 14 23 25
05 06 14 23 25
07 08 14 23 25
09 10 14 23 25
11 12 14 23 25
01 13 14 23 25
01 02 15 23 25
03 04 15 23 25
05 06 15 23 25
07 08 15 23 25
09 10 15 23 25
11 12 15 23 25
13 14 15 23 25
01 02 16 23 25
03 04 16 23 25
05 06 16 23 25
07 08 16 23 25
09 10 16 23 25
11 12 16 23 25
13 14 16 23 25
01 15 16 23 25
01 02 17 23 25
03 04 17 23 25
05 06 17 23 25
07 08 17 23 25
09 10 17 23 25
11 12 17 23 25
13 14 17 23 25
15 16 17 23 25
01 02 18 23 25
03 04 18 23 25
05 06 18 23 25
07 08 18 23 25
09 10 18 23 25
11 12 18 23 25
13 14 18 23 25
15 16 18 23 25
01 17 18 23 25
01 02 19 23 25
03 04 19 23 25
05 06 19 23 25
07 08 19 23 25
09 10 19 23 25
11 12 19 23 25
13 14 19 23 25
15 16 19 23 25
17 18 19 23 25
01 02 20 23 25
03 04 20 23 25
05 06 20 23 25
07 08 20 23 25
09 10 20 23 25
11 12 20 23 25
13 14 20 23 25
15 16 20 23 25
17 18 20 23 25
01 19 20 23 25
01 02 21 23 25
03 04 21 23 25
05 06 21 23 25
07 08 21 23 25
09 10 21 23 25
11 12 21 23 25
13 14 21 23 25
15 16 21 23 25
17 18 21 23 25
19 20 21 23 25
01 02 22 23 25
03 04 22 23 25
05 06 22 23 25
07 08 22 23 25
09 10 22 23 25
11 12 22 23 25
13 14 22 23 25
15 16 22 23 25
17 18 22 23 25
19 20 22 23 25
01 21 22 23 25
01 02 03 24 25
08 09 10 24 25
01 02 04 24 25
01 02 05 24 25
03 04 05 24 25
06 07 08 24 25
06 07 09 24 25
06 07 10 24 25
01 02 11 24 25
03 04 11 24 25
05 06 11 24 25
07 08 11 24 25
09 10 11 24 25
01 02 12 24 25
03 04 12 24 25
05 06 12 24 25
07 08 12 24 25
09 10 12 24 25
01 11 12 24 25
01 02 13 24 25
03 04 13 24 25
05 06 13 24 25
07 08 13 24 25
09 10 13 24 25
11 12 13 24 25
01 02 14 24 25
03 04 14 24 25
05 06 14 24 25
07 08 14 24 25
09 10 14 24 25
11 12 14 24 25
01 13 14 24 25
01 02 15 24 25
03 04 15 24 25
05 06 15 24 25
07 08 15 24 25
09 10 15 24 25
11 12 15 24 25
13 14 15 24 25
01 02 16 24 25
03 04 16 24 25
05 06 16 24 25
07 08 16 24 25
09 10 16 24 25
11 12 16 24 25
13 14 16 24 25
01 15 16 24 25
01 02 17 24 25
03 04 17 24 25
05 06 17 24 25
07 08 17 24 25
09 10 17 24 25
11 12 17 24 25
13 14 17 24 25
15 16 17 24 25
01 02 18 24 25
03 04 18 24 25
05 06 18 24 25
07 08 18 24 25
09 10 18 24 25
11 12 18 24 25
13 14 18 24 25
15 16 18 24 25
01 17 18 24 25
01 02 19 24 25
03 04 19 24 25
05 06 19 24 25
07 08 19 24 25
09 10 19 24 25
11 12 19 24 25
13 14 19 24 25
15 16 19 24 25
17 18 19 24 25
01 02 20 24 25
03 04 20 24 25
05 06 20 24 25
07 08 20 24 25
09 10 20 24 25
11 12 20 24 25
13 14 20 24 25
15 16 20 24 25
17 18 20 24 25
01 19 20 24 25
01 02 21 24 25
03 04 21 24 25
05 06 21 24 25
07 08 21 24 25
09 10 21 24 25
11 12 21 24 25
13 14 21 24 25
15 16 21 24 25
17 18 21 24 25
19 20 21 24 25
01 02 22 24 25
03 04 22 24 25
05 06 22 24 25
07 08 22 24 25
09 10 22 24 25
11 12 22 24 25
13 14 22 24 25
15 16 22 24 25
17 18 22 24 25
19 20 22 24 25
01 21 22 24 25
01 02 23 24 25
03 04 23 24 25
05 06 23 24 25
07 08 23 24 25
09 10 23 24 25
11 12 23 24 25
13 14 23 24 25
15 16 23 24 25
17 18 23 24 25
19 20 23 24 25
21 22 23 24 25
01 02 03 04 26
06 07 08 09 26
01 02 03 05 26
01 02 03 06 26
01 07 08 09 26
02 07 08 09 26
03 07 08 09 26
04 05 06 07 26
04 05 06 08 26
04 05 06 09 26
01 02 03 10 26
01 02 04 10 26
01 02 05 10 26
01 06 07 10 26
03 04 05 10 26
06 08 09 10 26
07 08 09 10 26
01 02 03 11 26
08 09 10 11 26
01 02 04 11 26
01 02 05 11 26
03 04 05 11 26
06 07 08 11 26
06 07 09 11 26
06 07 10 11 26
01 02 03 12 26
08 09 10 12 26
01 02 04 12 26
01 02 05 12 26
03 04 05 12 26
06 07 08 12 26
06 07 09 12 26
06 07 10 12 26
01 02 11 12 26
03 04 11 12 26
05 06 11 12 26
07 08 11 12 26
09 10 11 12 26
01 02 03 13 26
08 09 10 13 26
01 02 04 13 26
01 02 05 13 26
03 04 05 13 26
06 07 08 13 26
06 07 09 13 26
06 07 10 13 26
01 02 11 13 26
03 04 11 13 26
05 06 11 13 26
07 08 11 13 26
09 10 11 13 26
01 02 12 13 26
03 04 12 13 26
05 06 12 13 26
07 08 12 13 26
09 10 12 13 26
01 11 12 13 26
01 02 03 14 26
08 09 10 14 26
01 02 04 14 26
01 02 05 14 26
03 04 05 14 26
06 07 08 14 26
06 07 09 14 26
06 07 10 14 26
01 02 11 14 26
03 04 11 14 26
05 06 11 14 26
07 08 11 14 26
09 10 11 14 26
01 02 12 14 26
03 04 12 14 26
05 06 12 14 26
07 08 12 14 26
09 10 12 14 26
01 11 12 14 26
01 02 13 14 26
03 04 13 14 26
05 06 13 14 26
07 08 13 14 26
09 10 13 14 26
11 12 13 14 26
01 02 03 15 26
08 09 10 15 26
01 02 04 15 26
01 02 05 15 26
03 04 05 15 26
06 07 08 15 26
06 07 09 15 26
06 07 10 15 26
01 02 11 15 26
03 04 11 15 26
05 06 11 15 26
07 08 11 15 26
09 10 11 15 26
01 02 12 15 26
03 04 12 15 26
05 06 12 15 26
07 08 12 15 26
09 10 12 15 26
01 11 12 15 26
01 02 13 15 26
03 04 13 15 26
05 06 13 15 26
07 08 13 15 26
09 10 13 15 26
11 12 13 15 26
01 02 14 15 26
03 04 14 15 26
05 06 14 15 26
07 08 14 15 26
09 10 14 15 26
11 12 14 15 26
01 13 14 15 26
01 02 03 16 26
08 09 10 16 26
01 02 04 16 26
01 02 05 16 26
03 04 05 16 26
06 07 08 16 26
06 07 09 16 26
06 07 10 16 26
01 02 11 16 26
03 04 11 16 26
05 06 11 16 26
07 08 11 16 26
09 10 11 16 26
01 02 12 16 26
03 04 12 16 26
05 06 12 16 26
07 08 12 16 26
09 10 12 16 26
01 11 12 16 26
01 02 13 16 26
03 04 13 16 26
05 06 13 16 26
07 08 13 16 26
09 10 13 16 26
11 12 13 16 26
01 02 14 16 26
03 04 14 16 26
05 06 14 16 26
07 08 14 16 26
09 10 14 16 26
11 12 14 16 26
01 13 14 16 26
01 02 15 16 26
03 04 15 16 26
05 06 15 16 26
07 08 15 16 26
09 10 15 16 26
11 12 15 16 26
13 14 15 16 26
01 02 03 17 26
08 09 10 17 26
01 02 04 17 26
01 02 05 17 26
03 04 05 17 26
06 07 08 17 26
06 07 09 17 26
06 07 10 17 26
01 02 11 17 26
03 04 11 17 26
05 06 11 17 26
07 08 11 17 26
09 10 11 17 26
01 02 12 17 26
03 04 12 17 26
05 06 12 17 26
07 08 12 17 26
09 10 12 17 26
01 11 12 17 26
01 02 13 17 26
03 04 13 17 26
05 06 13 17 26
07 08 13 17 26
09 10 13 17 26
11 12 13 17 26
01 02 14 17 26
03 04 14 17 26
05 06 14 17 26
07 08 14 17 26
09 10 14 17 26
11 12 14 17 26
01 13 14 17 26
01 02 15 17 26
03 04 15 17 26
05 06 15 17 26
07 08 15 17 26
09 10 15 17 26
11 12 15 17 26
13 14 15 17 26
01 02 16 17 26
03 04 16 17 26
05 06 16 17 26
07 08 16 17 26
09 10 16 17 26
11 12 16 17 26
13 14 16 17 26
01 15 16 17 26
01 02 03 18 26
08 09 10 18 26
01 02 04 18 26
01 02 05 18 26
03 04 05 18 26
06 07 08 18 26
06 07 09 18 26
06 07 10 18 26
01 02 11 18 26
03 04 11 18 26
05 06 11 18 26
07 08 11 18 26
09 10 11 18 26
01 02 12 18 26
03 04 12 18 26
05 06 12 18 26
07 08 12 18 26
09 10 12 18 26
01 11 12 18 26
01 02 13 18 26
03 04 13 18 26
05 06 13 18 26
07 08 13 18 26
09 10 13 18 26
11 12 13 18 26
01 02 14 18 26
03 04 14 18 26
05 06 14 18 26
07 08 14 18 26
09 10 14 18 26
11 12 14 18 26
01 13 14 18 26
01 02 15 18 26
03 04 15 18 26
05 06 15 18 26
07 08 15 18 26
09 10 15 18 26
11 12 15 18 26
13 14 15 18 26
01 02 16 18 26
03 04 16 18 26
05 06 16 18 26
07 08 16 18 26
09 10 16 18 26
11 12 16 18 26
13 14 16 18 26
01 15 16 18 26
01 02 17 18 26
03 04 17 18 26
05 06 17 18 26
07 08 17 18 26
09 10 17 18 26
11 12 17 18 26
13 14 17 18 26
15 16 17 18 26
01 02 03 19 26
08 09 10 19 26
01 02 04 19 26
01 02 05 19 26
03 04 05 19 26
06 07 08 19 26
06 07 09 19 26
06 07 10 19 26
01 02 11 19 26
03 04 11 19 26
05 06 11 19 26
07 08 11 19 26
09 10 11 19 26
01 02 12 19 26
03 04 12 19 26
05 06 12 19 26
07 08 12 19 26
09 10 12 19 26
01 11 12 19 26
01 02 13 19 26
03 04 13 19 26
05 06 13 19 26
07 08 13 19 26
09 10 13 19 26
11 12 13 19 26
01 02 14 19 26
03 04 14 19 26
05 06 14 19 26
07 08 14 19 26
09 10 14 19 26
11 12 14 19 26
01 13 14 19 26
01 02 15 19 26
03 04 15 19 26
05 06 15 19 26
07 08 15 19 26
09 10 15 19 26
11 12 15 19 26
13 14 15 19 26
01 02 16 19 26
03 04 16 19 26
05 06 16 19 26
07 08 16 19 26
09 10 16 19 26
11 12 16 19 26
13 14 16 19 26
01 15 16 19 26
01 02 17 19 26
03 04 17 19 26
05 06 17 19 26
07 08 17 19 26
09 10 17 19 26
11 12 17 19 26
13 14 17 19 26
15 16 17 19 26
01 02 18 19 26
03 04 18 19 26
05 06 18 19 26
07 08 18 19 26
09 10 18 19 26
11 12 18 19 26
13 14 18 19 26
15 16 18 19 26
01 17 18 19 26
01 02 03 20 26
08 09 10 20 26
01 02 04 20 26
01 02 05 20 26
03 04 05 20 26
06 07 08 20 26
06 07 09 20 26
06 07 10 20 26
01 02 11 20 26
03 04 11 20 26
05 06 11 20 26
07 08 11 20 26
09 10 11 20 26
01 02 12 20 26
03 04 12 20 26
05 06 12 20 26
07 08 12 20 26
09 10 12 20 26
01 11 12 20 26
01 02 13 20 26
03 04 13 20 26
05 06 13 20 26
07 08 13 20 26
09 10 13 20 26
11 12 13 20 26
01 02 14 20 26
03 04 14 20 26
05 06 14 20 26
07 08 14 20 26
09 10 14 20 26
11 12 14 20 26
01 13 14 20 26
01 02 15 20 26
03 04 15 20 26
05 06 15 20 26
07 08 15 20 26
09 10 15 20 26
11 12 15 20 26
13 14 15 20 26
01 02 16 20 26
03 04 16 20 26
05 06 16 20 26
07 08 16 20 26
09 10 16 20 26
11 12 16 20 26
13 14 16 20 26
01 15 16 20 26
01 02 17 20 26
03 04 17 20 26
05 06 17 20 26
07 08 17 20 26
09 10 17 20 26
11 12 17 20 26
13 14 17 20 26
15 16 17 20 26
01 02 18 20 26
03 04 18 20 26
05 06 18 20 26
07 08 18 20 26
09 10 18 20 26
11 12 18 20 26
13 14 18 20 26
15 16 18 20 26
01 17 18 20 26
01 02 19 20 26
03 04 19 20 26
05 06 19 20 26
07 08 19 20 26
09 10 19 20 26
11 12 19 20 26
13 14 19 20 26
15 16 19 20 26
17 18 19 20 26
01 02 03 21 26
08 09 10 21 26
01 02 04 21 26
01 02 05 21 26
03 04 05 21 26
06 07 08 21 26
06 07 09 21 26
06 07 10 21 26
01 02 11 21 26
03 04 11 21 26
05 06 11 21 26
07 08 11 21 26
09 10 11 21 26
01 02 12 21 26
03 04 12 21 26
05 06 12 21 26
07 08 12 21 26
09 10 12 21 26
01 11 12 21 26
01 02 13 21 26
03 04 13 21 26
05 06 13 21 26
07 08 13 21 26
09 10 13 21 26
11 12 13 21 26
01 02 14 21 26
03 04 14 21 26
05 06 14 21 26
07 08 14 21 26
09 10 14 21 26
11 12 14 21 26
01 13 14 21 26
01 02 15 21 26
03 04 15 21 26
05 06 15 21 26
07 08 15 21 26
09 10 15 21 26
11 12 15 21 26
13 14 15 21 26
01 02 16 21 26
03 04 16 21 26
05 06 16 21 26
07 08 16 21 26
09 10 16 21 26
11 12 16 21 26
13 14 16 21 26
01 15 16 21 26
01 02 17 21 26
03 04 17 21 26
05 06 17 21 26
07 08 17 21 26
09 10 17 21 26
11 12 17 21 26
13 14 17 21 26
15 16 17 21 26
01 02 18 21 26
03 04 18 21 26
05 06 18 21 26
07 08 18 21 26
09 10 18 21 26
11 12 18 21 26
13 14 18 21 26
15 16 18 21 26
01 17 18 21 26
01 02 19 21 26
03 04 19 21 26
05 06 19 21 26
07 08 19 21 26
09 10 19 21 26
11 12 19 21 26
13 14 19 21 26
15 16 19 21 26
17 18 19 21 26
01 02 20 21 26
03 04 20 21 26
05 06 20 21 26
07 08 20 21 26
09 10 20 21 26
11 12 20 21 26
13 14 20 21 26
15 16 20 21 26
17 18 20 21 26
01 19 20 21 26
01 02 03 22 26
08 09 10 22 26
01 02 04 22 26
01 02 05 22 26
03 04 05 22 26
06 07 08 22 26
06 07 09 22 26
06 07 10 22 26
01 02 11 22 26
03 04 11 22 26
05 06 11 22 26
07 08 11 22 26
09 10 11 22 26
01 02 12 22 26
03 04 12 22 26
05 06 12 22 26
07 08 12 22 26
09 10 12 22 26
01 11 12 22 26
01 02 13 22 26
03 04 13 22 26
05 06 13 22 26
07 08 13 22 26
09 10 13 22 26
11 12 13 22 26
01 02 14 22 26
03 04 14 22 26
05 06 14 22 26
07 08 14 22 26
09 10 14 22 26
11 12 14 22 26
01 13 14 22 26
01 02 15 22 26
03 04 15 22 26
05 06 15 22 26
07 08 15 22 26
09 10 15 22 26
11 12 15 22 26
13 14 15 22 26
01 02 16 22 26
03 04 16 22 26
05 06 16 22 26
07 08 16 22 26
09 10 16 22 26
11 12 16 22 26
13 14 16 22 26
01 15 16 22 26
01 02 17 22 26
03 04 17 22 26
05 06 17 22 26
07 08 17 22 26
09 10 17 22 26
11 12 17 22 26
13 14 17 22 26
15 16 17 22 26
01 02 18 22 26
03 04 18 22 26
05 06 18 22 26
07 08 18 22 26
09 10 18 22 26
11 12 18 22 26
13 14 18 22 26
15 16 18 22 26
01 17 18 22 26
01 02 19 22 26
03 04 19 22 26
05 06 19 22 26
07 08 19 22 26
09 10 19 22 26
11 12 19 22 26
13 14 19 22 26
15 16 19 22 26
17 18 19 22 26
01 02 20 22 26
03 04 20 22 26
05 06 20 22 26
07 08 20 22 26
09 10 20 22 26
11 12 20 22 26
13 14 20 22 26
15 16 20 22 26
17 18 20 22 26
01 19 20 22 26
01 02 21 22 26
03 04 21 22 26
05 06 21 22 26
07 08 21 22 26
09 10 21 22 26
11 12 21 22 26
13 14 21 22 26
15 16 21 22 26
17 18 21 22 26
19 20 21 22 26
01 02 03 23 26
08 09 10 23 26
01 02 04 23 26
01 02 05 23 26
03 04 05 23 26
06 07 08 23 26
06 07 09 23 26
06 07 10 23 26
01 02 11 23 26
03 04 11 23 26
05 06 11 23 26
07 08 11 23 26
09 10 11 23 26
01 02 12 23 26
03 04 12 23 26
05 06 12 23 26
07 08 12 23 26
09 10 12 23 26
01 11 12 23 26
01 02 13 23 26
03 04 13 23 26
05 06 13 23 26
07 08 13 23 26
09 10 13 23 26
11 12 13 23 26
01 02 14 23 26
03 04 14 23 26
05 06 14 23 26
07 08 14 23 26
09 10 14 23 26
11 12 14 23 26
01 13 14 23 26
01 02 15 23 26
03 04 15 23 26
05 06 15 23 26
07 08 15 23 26
09 10 15 23 26
11 12 15 23 26
13 14 15 23 26
01 02 16 23 26
03 04 16 23 26
05 06 16 23 26
07 08 16 23 26
09 10 16 23 26
11 12 16 23 26
13 14 16 23 26
01 15 16 23 26
01 02 17 23 26
03 04 17 23 26
05 06 17 23 26
07 08 17 23 26
09 10 17 23 26
11 12 17 23 26
13 14 17 23 26
15 16 17 23 26
01 02 18 23 26
03 04 18 23 26
05 06 18 23 26
07 08 18 23 26
09 10 18 23 26
11 12 18 23 26
13 14 18 23 26
15 16 18 23 26
01 17 18 23 26
01 02 19 23 26
03 04 19 23 26
05 06 19 23 26
07 08 19 23 26
09 10 19 23 26
11 12 19 23 26
13 14 19 23 26
15 16 19 23 26
17 18 19 23 26
01 02 20 23 26
03 04 20 23 26
05 06 20 23 26
07 08 20 23 26
09 10 20 23 26
11 12 20 23 26
13 14 20 23 26
15 16 20 23 26
17 18 20 23 26
01 19 20 23 26
01 02 21 23 26
03 04 21 23 26
05 06 21 23 26
07 08 21 23 26
09 10 21 23 26
11 12 21 23 26
13 14 21 23 26
15 16 21 23 26
17 18 21 23 26
19 20 21 23 26
01 02 22 23 26
03 04 22 23 26
05 06 22 23 26
07 08 22 23 26
09 10 22 23 26
11 12 22 23 26
13 14 22 23 26
15 16 22 23 26
17 18 22 23 26
19 20 22 23 26
01 21 22 23 26
01 02 03 24 26
08 09 10 24 26
01 02 04 24 26
01 02 05 24 26
03 04 05 24 26
06 07 08 24 26
06 07 09 24 26
06 07 10 24 26
01 02 11 24 26
03 04 11 24 26
05 06 11 24 26
07 08 11 24 26
09 10 11 24 26
01 02 12 24 26
03 04 12 24 26
05 06 12 24 26
07 08 12 24 26
09 10 12 24 26
01 11 12 24 26
01 02 13 24 26
03 04 13 24 26
05 06 13 24 26
07 08 13 24 26
09 10 13 24 26
11 12 13 24 26
01 02 14 24 26
03 04 14 24 26
05 06 14 24 26
07 08 14 24 26
09 10 14 24 26
11 12 14 24 26
01 13 14 24 26
01 02 15 24 26
03 04 15 24 26
05 06 15 24 26
07 08 15 24 26
09 10 15 24 26
11 12 15 24 26
13 14 15 24 26
01 02 16 24 26
03 04 16 24 26
05 06 16 24 26
07 08 16 24 26
09 10 16 24 26
11 12 16 24 26
13 14 16 24 26
01 15 16 24 26
01 02 17 24 26
03 04 17 24 26
05 06 17 24 26
07 08 17 24 26
09 10 17 24 26
11 12 17 24 26
13 14 17 24 26
15 16 17 24 26
01 02 18 24 26
03 04 18 24 26
05 06 18 24 26
07 08 18 24 26
09 10 18 24 26
11 12 18 24 26
13 14 18 24 26
15 16 18 24 26
01 17 18 24 26
01 02 19 24 26
03 04 19 24 26
05 06 19 24 26
07 08 19 24 26
09 10 19 24 26
11 12 19 24 26
13 14 19 24 26
15 16 19 24 26
17 18 19 24 26
01 02 20 24 26
03 04 20 24 26
05 06 20 24 26
07 08 20 24 26
09 10 20 24 26
11 12 20 24 26
13 14 20 24 26
15 16 20 24 26
17 18 20 24 26
01 19 20 24 26
01 02 21 24 26
03 04 21 24 26
05 06 21 24 26
07 08 21 24 26
09 10 21 24 26
11 12 21 24 26
13 14 21 24 26
15 16 21 24 26
17 18 21 24 26
19 20 21 24 26
01 02 22 24 26
03 04 22 24 26
05 06 22 24 26
07 08 22 24 26
09 10 22 24 26
11 12 22 24 26
13 14 22 24 26
15 16 22 24 26
17 18 22 24 26
19 20 22 24 26
01 21 22 24 26
01 02 23 24 26
03 04 23 24 26
05 06 23 24 26
07 08 23 24 26
09 10 23 24 26
11 12 23 24 26
13 14 23 24 26
15 16 23 24 26
17 18 23 24 26
19 20 23 24 26
21 22 23 24 26
01 02 03 25 26
08 09 10 25 26
01 02 04 25 26
01 02 05 25 26
03 04 05 25 26
06 07 08 25 26
06 07 09 25 26
06 07 10 25 26
01 02 11 25 26
03 04 11 25 26
05 06 11 25 26
07 08 11 25 26
09 10 11 25 26
01 02 12 25 26
03 04 12 25 26
05 06 12 25 26
07 08 12 25 26
09 10 12 25 26
01 11 12 25 26
01 02 13 25 26
03 04 13 25 26
05 06 13 25 26
07 08 13 25 26
09 10 13 25 26
11 12 13 25 26
01 02 14 25 26
03 04 14 25 26
05 06 14 25 26
07 08 14 25 26
09 10 14 25 26
11 12 14 25 26
01 13 14 25 26
01 02 15 25 26
03 04 15 25 26
05 06 15 25 26
07 08 15 25 26
09 10 15 25 26
11 12 15 25 26
13 14 15 25 26
01 02 16 25 26
03 04 16 25 26
05 06 16 25 26
07 08 16 25 26
09 10 16 25 26
11 12 16 25 26
13 14 16 25 26
01 15 16 25 26
01 02 17 25 26
03 04 17 25 26
05 06 17 25 26
07 08 17 25 26
09 10 17 25 26
11 12 17 25 26
13 14 17 25 26
15 16 17 25 26
01 02 18 25 26
03 04 18 25 26
05 06 18 25 26
07 08 18 25 26
09 10 18 25 26
11 12 18 25 26
13 14 18 25 26
15 16 18 25 26
01 17 18 25 26
01 02 19 25 26
03 04 19 25 26
05 06 19 25 26
07 08 19 25 26
09 10 19 25 26
11 12 19 25 26
13 14 19 25 26
15 16 19 25 26
17 18 19 25 26
01 02 20 25 26
03 04 20 25 26
05 06 20 25 26
07 08 20 25 26
09 10 20 25 26
11 12 20 25 26
13 14 20 25 26
15 16 20 25 26
17 18 20 25 26
01 19 20 25 26
01 02 21 25 26
03 04 21 25 26
05 06 21 25 26
07 08 21 25 26
09 10 21 25 26
11 12 21 25 26
13 14 21 25 26
15 16 21 25 26
17 18 21 25 26
19 20 21 25 26
01 02 22 25 26
03 04 22 25 26
05 06 22 25 26
07 08 22 25 26
09 10 22 25 26
11 12 22 25 26
13 14 22 25 26
15 16 22 25 26
17 18 22 25 26
19 20 22 25 26
01 21 22 25 26
01 02 23 25 26
03 04 23 25 26
05 06 23 25 26
07 08 23 25 26
09 10 23 25 26
11 12 23 25 26
13 14 23 25 26
15 16 23 25 26
17 18 23 25 26
19 20 23 25 26
21 22 23 25 26
01 02 24 25 26
03 04 24 25 26
05 06 24 25 26
07 08 24 25 26
09 10 24 25 26
11 12 24 25 26
13 14 24 25 26
15 16 24 25 26
17 18 24 25 26
19 20 24 25 26
21 22 24 25 26
01 23 24 25 26
01 02 03 04 27
06 07 08 09 27
01 02 03 05 27
01 02 03 06 27
01 07 08 09 27
02 07 08 09 27
03 07 08 09 27
04 05 06 07 27
04 05 06 08 27
04 05 06 09 27
01 02 03 10 27
01 02 04 10 27
01 02 05 10 27
01 06 07 10 27
03 04 05 10 27
06 08 09 10 27
07 08 09 10 27
01 02 03 11 27
08 09 10 11 27
01 02 04 11 27
01 02 05 11 27
03 04 05 11 27
06 07 08 11 27
06 07 09 11 27
06 07 10 11 27
01 02 03 12 27
08 09 10 12 27
01 02 04 12 27
01 02 05 12 27
03 04 05 12 27
06 07 08 12 27
06 07 09 12 27
06 07 10 12 27
01 02 11 12 27
03 04 11 12 27
05 06 11 12 27
07 08 11 12 27
09 10 11 12 27
01 02 03 13 27
08 09 10 13 27
01 02 04 13 27
01 02 05 13 27
03 04 05 13 27
06 07 08 13 27
06 07 09 13 27
06 07 10 13 27
01 02 11 13 27
03 04 11 13 27
05 06 11 13 27
07 08 11 13 27
09 10 11 13 27
01 02 12 13 27
03 04 12 13 27
05 06 12 13 27
07 08 12 13 27
09 10 12 13 27
01 11 12 13 27
01 02 03 14 27
08 09 10 14 27
01 02 04 14 27
01 02 05 14 27
03 04 05 14 27
06 07 08 14 27
06 07 09 14 27
06 07 10 14 27
01 02 11 14 27
03 04 11 14 27
05 06 11 14 27
07 08 11 14 27
09 10 11 14 27
01 02 12 14 27
03 04 12 14 27
05 06 12 14 27
07 08 12 14 27
09 10 12 14 27
01 11 12 14 27
01 02 13 14 27
03 04 13 14 27
05 06 13 14 27
07 08 13 14 27
09 10 13 14 27
11 12 13 14 27
01 02 03 15 27
08 09 10 15 27
01 02 04 15 27
01 02 05 15 27
03 04 05 15 27
06 07 08 15 27
06 07 09 15 27
06 07 10 15 27
01 02 11 15 27
03 04 11 15 27
05 06 11 15 27
07 08 11 15 27
09 10 11 15 27
01 02 12 15 27
03 04 12 15 27
05 06 12 15 27
07 08 12 15 27
09 10 12 15 27
01 11 12 15 27
01 02 13 15 27
03 04 13 15 27
05 06 13 15 27
07 08 13 15 27
09 10 13 15 27
11 12 13 15 27
01 02 14 15 27
03 04 14 15 27
05 06 14 15 27
07 08 14 15 27
09 10 14 15 27
11 12 14 15 27
01 13 14 15 27
01 02 03 16 27
08 09 10 16 27
01 02 04 16 27
01 02 05 16 27
03 04 05 16 27
06 07 08 16 27
06 07 09 16 27
06 07 10 16 27
01 02 11 16 27
03 04 11 16 27
05 06 11 16 27
07 08 11 16 27
09 10 11 16 27
01 02 12 16 27
03 04 12 16 27
05 06 12 16 27
07 08 12 16 27
09 10 12 16 27
01 11 12 16 27
01 02 13 16 27
03 04 13 16 27
05 06 13 16 27
07 08 13 16 27
09 10 13 16 27
11 12 13 16 27
01 02 14 16 27
03 04 14 16 27
05 06 14 16 27
07 08 14 16 27
09 10 14 16 27
11 12 14 16 27
01 13 14 16 27
01 02 15 16 27
03 04 15 16 27
05 06 15 16 27
07 08 15 16 27
09 10 15 16 27
11 12 15 16 27
13 14 15 16 27
01 02 03 17 27
08 09 10 17 27
01 02 04 17 27
01 02 05 17 27
03 04 05 17 27
06 07 08 17 27
06 07 09 17 27
06 07 10 17 27
01 02 11 17 27
03 04 11 17 27
05 06 11 17 27
07 08 11 17 27
09 10 11 17 27
01 02 12 17 27
03 04 12 17 27
05 06 12 17 27
07 08 12 17 27
09 10 12 17 27
01 11 12 17 27
01 02 13 17 27
03 04 13 17 27
05 06 13 17 27
07 08 13 17 27
09 10 13 17 27
11 12 13 17 27
01 02 14 17 27
03 04 14 17 27
05 06 14 17 27
07 08 14 17 27
09 10 14 17 27
11 12 14 17 27
01 13 14 17 27
01 02 15 17 27
03 04 15 17 27
05 06 15 17 27
07 08 15 17 27
09 10 15 17 27
11 12 15 17 27
13 14 15 17 27
01 02 16 17 27
03 04 16 17 27
05 06 16 17 27
07 08 16 17 27
09 10 16 17 27
11 12 16 17 27
13 14 16 17 27
01 15 16 17 27
01 02 03 18 27
08 09 10 18 27
01 02 04 18 27
01 02 05 18 27
03 04 05 18 27
06 07 08 18 27
06 07 09 18 27
06 07 10 18 27
01 02 11 18 27
03 04 11 18 27
05 06 11 18 27
07 08 11 18 27
09 10 11 18 27
01 02 12 18 27
03 04 12 18 27
05 06 12 18 27
07 08 12 18 27
09 10 12 18 27
01 11 12 18 27
01 02 13 18 27
03 04 13 18 27
05 06 13 18 27
07 08 13 18 27
09 10 13 18 27
11 12 13 18 27
01 02 14 18 27
03 04 14 18 27
05 06 14 18 27
07 08 14 18 27
09 10 14 18 27
11 12 14 18 27
01 13 14 18 27
01 02 15 18 27
03 04 15 18 27
05 06 15 18 27
07 08 15 18 27
09 10 15 18 27
11 12 15 18 27
13 14 15 18 27
01 02 16 18 27
03 04 16 18 27
05 06 16 18 27
07 08 16 18 27
09 10 16 18 27
11 12 16 18 27
13 14 16 18 27
01 15 16 18 27
01 02 17 18 27
03 04 17 18 27
05 06 17 18 27
07 08 17 18 27
09 10 17 18 27
11 12 17 18 27
13 14 17 18 27
15 16 17 18 27
01 02 03 19 27
08 09 10 19 27
01 02 04 19 27
01 02 05 19 27
03 04 05 19 27
06 07 08 19 27
06 07 09 19 27
06 07 10 19 27
01 02 11 19 27
03 04 11 19 27
05 06 11 19 27
07 08 11 19 27
09 10 11 19 27
01 02 12 19 27
03 04 12 19 27
05 06 12 19 27
07 08 12 19 27
09 10 12 19 27
01 11 12 19 27
01 02 13 19 27
03 04 13 19 27
05 06 13 19 27
07 08 13 19 27
09 10 13 19 27
11 12 13 19 27
01 02 14 19 27
03 04 14 19 27
05 06 14 19 27
07 08 14 19 27
09 10 14 19 27
11 12 14 19 27
01 13 14 19 27
01 02 15 19 27
03 04 15 19 27
05 06 15 19 27
07 08 15 19 27
09 10 15 19 27
11 12 15 19 27
13 14 15 19 27
01 02 16 19 27
03 04 16 19 27
05 06 16 19 27
07 08 16 19 27
09 10 16 19 27
11 12 16 19 27
13 14 16 19 27
01 15 16 19 27
01 02 17 19 27
03 04 17 19 27
05 06 17 19 27
07 08 17 19 27
09 10 17 19 27
11 12 17 19 27
13 14 17 19 27
15 16 17 19 27
01 02 18 19 27
03 04 18 19 27
05 06 18 19 27
07 08 18 19 27
09 10 18 19 27
11 12 18 19 27
13 14 18 19 27
15 16 18 19 27
01 17 18 19 27
01 02 03 20 27
08 09 10 20 27
01 02 04 20 27
01 02 05 20 27
03 04 05 20 27
06 07 08 20 27
06 07 09 20 27
06 07 10 20 27
01 02 11 20 27
03 04 11 20 27
05 06 11 20 27
07 08 11 20 27
09 10 11 20 27
01 02 12 20 27
03 04 12 20 27
05 06 12 20 27
07 08 12 20 27
09 10 12 20 27
01 11 12 20 27
01 02 13 20 27
03 04 13 20 27
05 06 13 20 27
07 08 13 20 27
09 10 13 20 27
11 12 13 20 27
01 02 14 20 27
03 04 14 20 27
05 06 14 20 27
07 08 14 20 27
09 10 14 20 27
11 12 14 20 27
01 13 14 20 27
01 02 15 20 27
03 04 15 20 27
05 06 15 20 27
07 08 15 20 27
09 10 15 20 27
11 12 15 20 27
13 14 15 20 27
01 02 16 20 27
03 04 16 20 27
05 06 16 20 27
07 08 16 20 27
09 10 16 20 27
11 12 16 20 27
13 14 16 20 27
01 15 16 20 27
01 02 17 20 27
03 04 17 20 27
05 06 17 20 27
07 08 17 20 27
09 10 17 20 27
11 12 17 20 27
13 14 17 20 27
15 16 17 20 27
01 02 18 20 27
03 04 18 20 27
05 06 18 20 27
07 08 18 20 27
09 10 18 20 27
11 12 18 20 27
13 14 18 20 27
15 16 18 20 27
01 17 18 20 27
01 02 19 20 27
03 04 19 20 27
05 06 19 20 27
07 08 19 20 27
09 10 19 20 27
11 12 19 20 27
13 14 19 20 27
15 16 19 20 27
17 18 19 20 27
01 02 03 21 27
08 09 10 21 27
01 02 04 21 27
01 02 05 21 27
03 04 05 21 27
06 07 08 21 27
06 07 09 21 27
06 07 10 21 27
01 02 11 21 27
03 04 11 21 27
05 06 11 21 27
07 08 11 21 27
09 10 11 21 27
01 02 12 21 27
03 04 12 21 27
05 06 12 21 27
07 08 12 21 27
09 10 12 21 27
01 11 12 21 27
01 02 13 21 27
03 04 13 21 27
05 06 13 21 27
07 08 13 21 27
09 10 13 21 27
11 12 13 21 27
01 02 14 21 27
03 04 14 21 27
05 06 14 21 27
07 08 14 21 27
09 10 14 21 27
11 12 14 21 27
01 13 14 21 27
01 02 15 21 27
03 04 15 21 27
05 06 15 21 27
07 08 15 21 27
09 10 15 21 27
11 12 15 21 27
13 14 15 21 27
01 02 16 21 27
03 04 16 21 27
05 06 16 21 27
07 08 16 21 27
09 10 16 21 27
11 12 16 21 27
13 14 16 21 27
01 15 16 21 27
01 02 17 21 27
03 04 17 21 27
05 06 17 21 27
07 08 17 21 27
09 10 17 21 27
11 12 17 21 27
13 14 17 21 27
15 16 17 21 27
01 02 18 21 27
03 04 18 21 27
05 06 18 21 27
07 08 18 21 27
09 10 18 21 27
11 12 18 21 27
13 14 18 21 27
15 16 18 21 27
01 17 18 21 27
01 02 19 21 27
03 04 19 21 27
05 06 19 21 27
07 08 19 21 27
09 10 19 21 27
11 12 19 21 27
13 14 19 21 27
15 16 19 21 27
17 18 19 21 27
01 02 20 21 27
03 04 20 21 27
05 06 20 21 27
07 08 20 21 27
09 10 20 21 27
11 12 20 21 27
13 14 20 21 27
15 16 20 21 27
17 18 20 21 27
01 19 20 21 27
01 02 03 22 27
08 09 10 22 27
01 02 04 22 27
01 02 05 22 27
03 04 05 22 27
06 07 08 22 27
06 07 09 22 27
06 07 10 22 27
01 02 11 22 27
03 04 11 22 27
05 06 11 22 27
07 08 11 22 27
09 10 11 22 27
01 02 12 22 27
03 04 12 22 27
05 06 12 22 27
07 08 12 22 27
09 10 12 22 27
01 11 12 22 27
01 02 13 22 27
03 04 13 22 27
05 06 13 22 27
07 08 13 22 27
09 10 13 22 27
11 12 13 22 27
01 02 14 22 27
03 04 14 22 27
05 06 14 22 27
07 08 14 22 27
09 10 14 22 27
11 12 14 22 27
01 13 14 22 27
01 02 15 22 27
03 04 15 22 27
05 06 15 22 27
07 08 15 22 27
09 10 15 22 27
11 12 15 22 27
13 14 15 22 27
01 02 16 22 27
03 04 16 22 27
05 06 16 22 27
07 08 16 22 27
09 10 16 22 27
11 12 16 22 27
13 14 16 22 27
01 15 16 22 27
01 02 17 22 27
03 04 17 22 27
05 06 17 22 27
07 08 17 22 27
09 10 17 22 27
11 12 17 22 27
13 14 17 22 27
15 16 17 22 27
01 02 18 22 27
03 04 18 22 27
05 06 18 22 27
07 08 18 22 27
09 10 18 22 27
11 12 18 22 27
13 14 18 22 27
15 16 18 22 27
01 17 18 22 27
01 02 19 22 27
03 04 19 22 27
05 06 19 22 27
07 08 19 22 27
09 10 19 22 27
11 12 19 22 27
13 14 19 22 27
15 16 19 22 27
17 18 19 22 27
01 02 20 22 27
03 04 20 22 27
05 06 20 22 27
07 08 20 22 27
09 10 20 22 27
11 12 20 22 27
13 14 20 22 27
15 16 20 22 27
17 18 20 22 27
01 19 20 22 27
01 02 21 22 27
03 04 21 22 27
05 06 21 22 27
07 08 21 22 27
09 10 21 22 27
11 12 21 22 27
13 14 21 22 27
15 16 21 22 27
17 18 21 22 27
19 20 21 22 27
01 02 03 23 27
08 09 10 23 27
01 02 04 23 27
01 02 05 23 27
03 04 05 23 27
06 07 08 23 27
06 07 09 23 27
06 07 10 23 27
01 02 11 23 27
03 04 11 23 27
05 06 11 23 27
07 08 11 23 27
09 10 11 23 27
01 02 12 23 27
03 04 12 23 27
05 06 12 23 27
07 08 12 23 27
09 10 12 23 27
01 11 12 23 27
01 02 13 23 27
03 04 13 23 27
05 06 13 23 27
07 08 13 23 27
09 10 13 23 27
11 12 13 23 27
01 02 14 23 27
03 04 14 23 27
05 06 14 23 27
07 08 14 23 27
09 10 14 23 27
11 12 14 23 27
01 13 14 23 27
01 02 15 23 27
03 04 15 23 27
05 06 15 23 27
07 08 15 23 27
09 10 15 23 27
11 12 15 23 27
13 14 15 23 27
01 02 16 23 27
03 04 16 23 27
05 06 16 23 27
07 08 16 23 27
09 10 16 23 27
11 12 16 23 27
13 14 16 23 27
01 15 16 23 27
01 02 17 23 27
03 04 17 23 27
05 06 17 23 27
07 08 17 23 27
09 10 17 23 27
11 12 17 23 27
13 14 17 23 27
15 16 17 23 27
01 02 18 23 27
03 04 18 23 27
05 06 18 23 27
07 08 18 23 27
09 10 18 23 27
11 12 18 23 27
13 14 18 23 27
15 16 18 23 27
01 17 18 23 27
01 02 19 23 27
03 04 19 23 27
05 06 19 23 27
07 08 19 23 27
09 10 19 23 27
11 12 19 23 27
13 14 19 23 27
15 16 19 23 27
17 18 19 23 27
01 02 20 23 27
03 04 20 23 27
05 06 20 23 27
07 08 20 23 27
09 10 20 23 27
11 12 20 23 27
13 14 20 23 27
15 16 20 23 27
17 18 20 23 27
01 19 20 23 27
01 02 21 23 27
03 04 21 23 27
05 06 21 23 27
07 08 21 23 27
09 10 21 23 27
11 12 21 23 27
13 14 21 23 27
15 16 21 23 27
17 18 21 23 27
19 20 21 23 27
01 02 22 23 27
03 04 22 23 27
05 06 22 23 27
07 08 22 23 27
09 10 22 23 27
11 12 22 23 27
13 14 22 23 27
15 16 22 23 27
17 18 22 23 27
19 20 22 23 27
01 21 22 23 27
01 02 03 24 27
08 09 10 24 27
01 02 04 24 27
01 02 05 24 27
03 04 05 24 27
06 07 08 24 27
06 07 09 24 27
06 07 10 24 27
01 02 11 24 27
03 04 11 24 27
05 06 11 24 27
07 08 11 24 27
09 10 11 24 27
01 02 12 24 27
03 04 12 24 27
05 06 12 24 27
07 08 12 24 27
09 10 12 24 27
01 11 12 24 27
01 02 13 24 27
03 04 13 24 27
05 06 13 24 27
07 08 13 24 27
09 10 13 24 27
11 12 13 24 27
01 02 14 24 27
03 04 14 24 27
05 06 14 24 27
07 08 14 24 27
09 10 14 24 27
11 12 14 24 27
01 13 14 24 27
01 02 15 24 27
03 04 15 24 27
05 06 15 24 27
07 08 15 24 27
09 10 15 24 27
11 12 15 24 27
13 14 15 24 27
01 02 16 24 27
03 04 16 24 27
05 06 16 24 27
07 08 16 24 27
09 10 16 24 27
11 12 16 24 27
13 14 16 24 27
01 15 16 24 27
01 02 17 24 27
03 04 17 24 27
05 06 17 24 27
07 08 17 24 27
09 10 17 24 27
11 12 17 24 27
13 14 17 24 27
15 16 17 24 27
01 02 18 24 27
03 04 18 24 27
05 06 18 24 27
07 08 18 24 27
09 10 18 24 27
11 12 18 24 27
13 14 18 24 27
15 16 18 24 27
01 17 18 24 27
01 02 19 24 27
03 04 19 24 27
05 06 19 24 27
07 08 19 24 27
09 10 19 24 27
11 12 19 24 27
13 14 19 24 27
15 16 19 24 27
17 18 19 24 27
01 02 20 24 27
03 04 20 24 27
05 06 20 24 27
07 08 20 24 27
09 10 20 24 27
11 12 20 24 27
13 14 20 24 27
15 16 20 24 27
17 18 20 24 27
01 19 20 24 27
01 02 21 24 27
03 04 21 24 27
05 06 21 24 27
07 08 21 24 27
09 10 21 24 27
11 12 21 24 27
13 14 21 24 27
15 16 21 24 27
17 18 21 24 27
19 20 21 24 27
01 02 22 24 27
03 04 22 24 27
05 06 22 24 27
07 08 22 24 27
09 10 22 24 27
11 12 22 24 27
13 14 22 24 27
15 16 22 24 27
17 18 22 24 27
19 20 22 24 27
01 21 22 24 27
01 02 23 24 27
03 04 23 24 27
05 06 23 24 27
07 08 23 24 27
09 10 23 24 27
11 12 23 24 27
13 14 23 24 27
15 16 23 24 27
17 18 23 24 27
19 20 23 24 27
21 22 23 24 27
01 02 03 25 27
08 09 10 25 27
01 02 04 25 27
01 02 05 25 27
03 04 05 25 27
06 07 08 25 27
06 07 09 25 27
06 07 10 25 27
01 02 11 25 27
03 04 11 25 27
05 06 11 25 27
07 08 11 25 27
09 10 11 25 27
01 02 12 25 27
03 04 12 25 27
05 06 12 25 27
07 08 12 25 27
09 10 12 25 27
01 11 12 25 27
01 02 13 25 27
03 04 13 25 27
05 06 13 25 27
07 08 13 25 27
09 10 13 25 27
11 12 13 25 27
01 02 14 25 27
03 04 14 25 27
05 06 14 25 27
07 08 14 25 27
09 10 14 25 27
11 12 14 25 27
01 13 14 25 27
01 02 15 25 27
03 04 15 25 27
05 06 15 25 27
07 08 15 25 27
09 10 15 25 27
11 12 15 25 27
13 14 15 25 27
01 02 16 25 27
03 04 16 25 27
05 06 16 25 27
07 08 16 25 27
09 10 16 25 27
11 12 16 25 27
13 14 16 25 27
01 15 16 25 27
01 02 17 25 27
03 04 17 25 27
05 06 17 25 27
07 08 17 25 27
09 10 17 25 27
11 12 17 25 27
13 14 17 25 27
15 16 17 25 27
01 02 18 25 27
03 04 18 25 27
05 06 18 25 27
07 08 18 25 27
09 10 18 25 27
11 12 18 25 27
13 14 18 25 27
15 16 18 25 27
01 17 18 25 27
01 02 19 25 27
03 04 19 25 27
05 06 19 25 27
07 08 19 25 27
09 10 19 25 27
11 12 19 25 27
13 14 19 25 27
15 16 19 25 27
17 18 19 25 27
01 02 20 25 27
03 04 20 25 27
05 06 20 25 27
07 08 20 25 27
09 10 20 25 27
11 12 20 25 27
13 14 20 25 27
15 16 20 25 27
17 18 20 25 27
01 19 20 25 27
01 02 21 25 27
03 04 21 25 27
05 06 21 25 27
07 08 21 25 27
09 10 21 25 27
11 12 21 25 27
13 14 21 25 27
15 16 21 25 27
17 18 21 25 27
19 20 21 25 27
01 02 22 25 27
03 04 22 25 27
05 06 22 25 27
07 08 22 25 27
09 10 22 25 27
11 12 22 25 27
13 14 22 25 27
15 16 22 25 27
17 18 22 25 27
19 20 22 25 27
01 21 22 25 27
01 02 23 25 27
03 04 23 25 27
05 06 23 25 27
07 08 23 25 27
09 10 23 25 27
11 12 23 25 27
13 14 23 25 27
15 16 23 25 27
17 18 23 25 27
19 20 23 25 27
21 22 23 25 27
01 02 24 25 27
03 04 24 25 27
05 06 24 25 27
07 08 24 25 27
09 10 24 25 27
11 12 24 25 27
13 14 24 25 27
15 16 24 25 27
17 18 24 25 27
19 20 24 25 27
21 22 24 25 27
01 23 24 25 27
01 02 03 26 27
08 09 10 26 27
01 02 04 26 27
01 02 05 26 27
03 04 05 26 27
06 07 08 26 27
06 07 09 26 27
06 07 10 26 27
01 02 11 26 27
03 04 11 26 27
05 06 11 26 27
07 08 11 26 27
09 10 11 26 27
01 02 12 26 27
03 04 12 26 27
05 06 12 26 27
07 08 12 26 27
09 10 12 26 27
01 11 12 26 27
01 02 13 26 27
03 04 13 26 27
05 06 13 26 27
07 08 13 26 27
09 10 13 26 27
11 12 13 26 27
01 02 14 26 27
03 04 14 26 27
05 06 14 26 27
07 08 14 26 27
09 10 14 26 27
11 12 14 26 27
01 13 14 26 27
01 02 15 26 27
03 04 15 26 27
05 06 15 26 27
07 08 15 26 27
09 10 15 26 27
11 12 15 26 27
13 14 15 26 27
01 02 16 26 27
03 04 16 26 27
05 06 16 26 27
07 08 16 26 27
09 10 16 26 27
11 12 16 26 27
13 14 16 26 27
01 15 16 26 27
01 02 17 26 27
03 04 17 26 27
05 06 17 26 27
07 08 17 26 27
09 10 17 26 27
11 12 17 26 27
13 14 17 26 27
15 16 17 26 27
01 02 18 26 27
03 04 18 26 27
05 06 18 26 27
07 08 18 26 27
09 10 18 26 27
11 12 18 26 27
13 14 18 26 27
15 16 18 26 27
01 17 18 26 27
01 02 19 26 27
03 04 19 26 27
05 06 19 26 27
07 08 19 26 27
09 10 19 26 27
11 12 19 26 27
13 14 19 26 27
15 16 19 26 27
17 18 19 26 27
01 02 20 26 27
03 04 20 26 27
05 06 20 26 27
07 08 20 26 27
09 10 20 26 27
11 12 20 26 27
13 14 20 26 27
15 16 20 26 27
17 18 20 26 27
01 19 20 26 27
01 02 21 26 27
03 04 21 26 27
05 06 21 26 27
07 08 21 26 27
09 10 21 26 27
11 12 21 26 27
13 14 21 26 27
15 16 21 26 27
17 18 21 26 27
19 20 21 26 27
01 02 22 26 27
03 04 22 26 27
05 06 22 26 27
07 08 22 26 27
09 10 22 26 27
11 12 22 26 27
13 14 22 26 27
15 16 22 26 27
17 18 22 26 27
19 20 22 26 27
01 21 22 26 27
01 02 23 26 27
03 04 23 26 27
05 06 23 26 27
07 08 23 26 27
09 10 23 26 27
11 12 23 26 27
13 14 23 26 27
15 16 23 26 27
17 18 23 26 27
19 20 23 26 27
21 22 23 26 27
01 02 24 26 27
03 04 24 26 27
05 06 24 26 27
07 08 24 26 27
09 10 24 26 27
11 12 24 26 27
13 14 24 26 27
15 16 24 26 27
17 18 24 26 27
19 20 24 26 27
21 22 24 26 27
01 23 24 26 27
01 02 25 26 27
03 04 25 26 27
05 06 25 26 27
07 08 25 26 27
09 10 25 26 27
11 12 25 26 27
13 14 25 26 27
15 16 25 26 27
17 18 25 26 27
19 20 25 26 27
21 22 25 26 27
23 24 25 26 27
